110 53 349 1
134 64 174 1
42 83 322 1
67 86 329 1
121 88 0 1
45 89 131 1
62 99 325 1
144 108 191 1
103 109 346 1
39 114 110 1
54 128 305 1
170 132 228 1
136 146 45 1
37 151 284 1
236 156 293 1
61 158 297 1
220 158 264 1
213 162 248 1
67 163 308 1
108 163 17 1
84 167 323 1
67 184 121 1
93 184 0 1
204 185 250 1
245 185 276 1
221 187 96 1
232 196 110 1
33 198 290 1
97 201 49 1
192 205 264 1
224 206 281 1
86 207 51 1
32 209 305 1
207 213 283 1
76 218 113 1
92 221 90 1
62 223 301 1
123 228 86 1
55 230 114 1
74 233 304 1
243 239 125 1
35 241 298 1
157 246 90 1
193 248 259 1
226 248 297 1
205 250 281 1
26 257 276 1
46 263 114 1
175 263 84 1
34 268 302 1
217 277 294 1
198 278 273 1
119 283 115 1
48 284 308 1
131 288 107 1
154 293 98 1
187 296 270 1
143 299 108 1
201 303 302 1
47 304 314 1
160 304 96 1
129 327 294 1
173 332 62 1
162 337 128 1
36 341 326 1
139 345 302 1
87 204 89 3
