59 27 148 1
150 33 354 1
173 50 183 1
51 62 293 1
132 62 335 1
60 65 308 1
63 75 307 1
47 83 117 1
171 91 41 1
57 92 120 1
68 95 293 1
144 110 8 1
121 119 312 1
231 125 87 1
131 133 352 1
227 136 253 1
210 148 250 1
36 154 281 1
132 154 111 1
45 161 294 1
231 166 273 1
164 167 77 1
51 168 294 1
123 172 113 1
54 175 301 1
41 181 68 1
48 181 242 1
203 182 83 1
56 193 297 1
235 196 262 1
105 202 298 1
28 203 98 1
57 209 297 1
113 211 134 1
39 226 302 1
167 228 113 1
99 232 305 1
29 233 293 1
176 233 103 1
203 234 96 1
87 237 120 1
192 240 103 1
28 245 322 1
84 250 125 1
98 253 314 1
27 254 325 1
48 259 323 1
209 260 273 1
81 262 127 1
212 262 117 1
28 264 323 1
63 265 323 1
96 267 305 1
181 269 287 1
79 273 139 1
176 286 121 1
25 287 336 1
87 287 325 1
196 292 301 1
83 298 328 1
28 302 343 1
165 302 113 1
87 306 332 1
30 308 354 1
103 314 336 1
146 317 115 1
130 322 155 1
60 338 349 1
156 339 305 1
119 340 339 1
131 153 85 3
