106 27 114 1
46 32 287 1
212 33 260 1
97 35 113 1
112 41 82 1
142 42 79 1
106 43 97 1
224 58 262 1
175 63 84 1
220 70 259 1
194 72 79 1
76 73 294 1
218 97 264 1
142 100 111 1
211 103 256 1
151 105 101 1
177 105 90 1
186 111 82 1
168 112 103 1
84 113 302 1
60 116 110 1
201 116 264 1
199 127 256 1
66 134 113 1
226 137 60 1
157 142 287 1
88 143 309 1
72 144 293 1
37 146 284 1
77 161 315 1
168 164 301 1
65 169 307 1
116 170 142 1
35 176 107 1
182 177 328 1
136 179 305 1
227 179 135 1
137 186 315 1
80 188 338 1
208 188 312 1
167 191 332 1
113 194 155 1
137 194 318 1
27 203 294 1
61 208 335 1
102 213 336 1
33 217 298 1
58 218 336 1
51 224 319 1
116 228 346 1
151 230 346 1
75 231 357 1
60 236 177 1
36 242 350 1
99 265 180 1
146 265 0 1
66 268 160 1
107 279 167 1
122 283 11 1
59 284 114 1
164 290 4 1
102 293 8 1
83 300 134 1
102 305 174 1
118 306 14 1
78 312 339 1
77 324 340 1
143 327 188 1
77 333 349 1
