168 24 357 1
190 41 183 1
152 47 349 1
209 56 41 1
57 66 138 1
71 79 132 1
185 80 48 1
153 94 17 1
134 100 328 1
139 112 6 1
242 118 76 1
142 136 68 1
136 138 93 1
127 140 120 1
140 148 84 1
167 150 79 1
131 153 110 1
34 157 287 1
248 167 253 1
37 168 301 1
106 169 301 1
204 175 90 1
243 177 62 1
37 183 301 1
226 188 82 1
98 193 314 1
38 199 307 1
241 203 60 1
163 210 121 1
176 213 107 1
35 216 297 1
198 223 98 1
68 224 308 1
108 224 120 1
187 224 104 1
120 228 115 1
40 230 301 1
89 231 121 1
237 233 63 1
230 236 77 1
122 237 107 1
207 240 96 1
61 255 100 1
44 256 125 1
81 259 287 1
159 261 113 1
129 262 287 1
176 262 297 1
95 265 287 1
143 270 288 1
94 283 90 1
60 288 110 1
142 294 280 1
76 304 90 1
310 311 97 1
304 326 277 1
311 339 117 1
137 132 87 3
