60 29 142 1
91 53 158 1
57 56 328 1
56 84 316 1
174 98 44 1
98 99 0 1
198 102 42 1
85 122 346 1
201 130 228 1
66 141 290 1
215 144 238 1
83 148 329 1
228 159 245 1
127 163 56 1
169 165 62 1
97 167 38 1
194 167 55 1
235 175 32 1
234 193 48 1
101 196 90 1
225 198 236 1
192 216 69 1
201 219 63 1
181 220 79 1
156 223 87 1
166 223 77 1
87 230 274 1
220 241 73 1
25 247 267 1
236 252 28 1
186 256 264 1
116 259 93 1
50 261 84 1
232 262 63 1
144 267 101 1
205 271 281 1
56 272 259 1
225 278 315 1
132 279 281 1
111 287 257 1
164 289 273 1
41 292 281 1
98 294 82 1
217 298 308 1
131 299 98 1
157 299 96 1
173 299 281 1
122 301 278 1
65 302 267 1
36 303 274 1
103 306 75 1
117 308 262 1
63 311 148 1
192 311 277 1
173 316 79 1
27 317 281 1
200 321 284 1
41 322 316 1
85 325 90 1
99 326 259 1
70 332 89 1
40 336 1 1
166 336 97 1
141 339 269 1
148 341 276 1
228 341 332 1
186 346 264 1
93 173 66 3
