82 16 134 1
156 40 35 1
57 43 308 1
132 61 8 1
218 71 70 1
108 72 309 1
78 79 117 1
120 85 352 1
122 105 30 1
118 125 98 1
34 127 281 1
39 128 290 1
154 128 87 1
190 134 82 1
228 140 253 1
211 152 79 1
94 153 290 1
33 161 293 1
236 165 264 1
160 176 105 1
35 180 89 1
44 180 293 1
168 186 103 1
192 187 93 1
62 194 294 1
201 196 84 1
53 201 271 1
91 202 311 1
176 202 101 1
31 203 270 1
35 204 87 1
26 206 87 1
62 218 294 1
43 221 264 1
175 222 278 1
97 226 314 1
90 239 300 1
186 239 294 1
74 241 96 1
215 245 91 1
201 246 118 1
65 250 90 1
87 251 305 1
86 262 301 1
91 273 318 1
216 278 290 1
148 281 312 1
31 288 84 1
52 288 269 1
173 288 322 1
94 291 330 1
124 298 333 1
93 301 329 1
73 304 93 1
82 309 271 1
91 312 332 1
171 314 343 1
132 319 346 1
102 323 352 1
102 333 359 1
121 106 84 3
