136 29 136 1
78 39 114 1
282 40 66 1
157 43 218 1
166 50 80 1
145 51 73 1
88 58 107 1
144 64 79 1
237 68 75 1
108 72 96 1
151 75 259 1
91 104 101 1
161 105 262 1
147 107 250 1
61 120 113 1
168 125 250 1
107 141 55 1
207 141 70 1
73 142 93 1
178 143 252 1
158 148 236 1
187 163 246 1
38 164 301 1
216 164 248 1
106 169 242 1
184 180 229 1
208 180 238 1
143 183 212 1
91 185 226 1
49 186 343 1
86 195 203 1
172 196 215 1
240 204 211 1
129 206 204 1
207 234 200 1
179 237 20 1
169 245 200 1
155 280 188 1
65 172 -1 -1 -1 2
142 47 62 3
