178 26 24 1
171 72 204 1
92 80 349 1
256 94 232 1
111 108 3 1
159 129 208 1
75 141 336 1
148 147 203 1
161 149 49 1
112 150 160 1
214 152 239 1
208 170 60 1
67 187 120 1
114 189 145 1
223 193 246 1
267 214 62 1
118 216 124 1
143 226 214 1
65 227 110 1
152 230 75 1
133 237 70 1
225 244 70 1
76 250 104 1
98 260 93 1
138 261 253 1
153 287 256 1
139 290 246 1
83 294 96 1
162 308 248 1
53 313 110 1
203 322 63 1
175 326 245 1
98 329 56 1
68 332 87 1
156 334 231 1
215 344 240 1
186 345 240 1
130 230 57 3
