155 35 0 1
235 47 221 1
167 68 17 1
122 92 349 1
210 103 225 1
164 108 184 1
193 115 212 1
203 118 59 1
106 133 132 1
257 135 253 1
226 147 245 1
151 149 162 1
251 155 76 1
95 171 124 1
141 174 132 1
257 179 259 1
233 191 89 1
171 193 229 1
101 199 117 1
157 201 82 1
179 201 93 1
154 207 90 1
119 208 107 1
160 226 267 1
245 237 84 1
99 239 111 1
151 255 259 1
164 256 273 1
101 274 79 1
168 276 262 1
126 293 66 1
205 295 82 1
176 296 260 1
128 309 243 1
182 320 253 1
130 323 232 1
154 189 66 3
