142 35 173 1
201 50 204 1
119 59 349 1
141 87 0 1
191 108 208 1
104 122 333 1
189 125 44 1
148 126 169 1
180 126 200 1
247 128 235 1
241 144 58 1
101 166 117 1
258 167 242 1
146 169 141 1
144 196 110 1
179 204 210 1
99 211 105 1
189 216 76 1
263 223 66 1
162 227 84 1
134 235 87 1
114 237 101 1
180 269 242 1
191 270 260 1
121 274 93 1
202 283 245 1
244 296 62 1
215 301 245 1
138 306 56 1
165 311 46 1
256 318 242 1
228 323 239 1
170 325 228 1
243 334 238 1
227 340 222 1
163 205 76 3
