121 59 149 1
151 60 340 1
100 65 311 1
107 93 326 1
142 98 343 1
89 107 319 1
79 120 124 1
151 130 345 1
129 145 332 1
189 172 32 1
33 200 298 1
177 211 41 1
200 217 62 1
133 229 321 1
231 231 76 1
82 238 113 1
151 243 121 1
62 250 117 1
169 254 101 1
157 257 124 1
178 261 91 1
139 270 305 1
104 272 98 1
114 274 284 1
165 275 107 1
91 284 107 1
120 288 101 1
239 293 256 1
232 297 77 1
189 309 104 1
217 312 96 1
123 314 281 1
112 322 284 1
150 329 293 1
87 332 107 1
157 333 124 1
111 347 307 1
161 236 85 3
