227 39 203 1
238 82 37 1
123 106 152 1
157 117 156 1
200 129 42 1
115 138 129 1
173 153 152 1
233 156 58 1
90 159 304 1
179 179 68 1
193 179 79 1
173 183 73 1
247 183 70 1
190 185 215 1
233 195 84 1
167 196 73 1
221 200 93 1
187 207 262 1
97 208 101 1
134 214 87 1
178 230 253 1
155 233 62 1
175 241 243 1
218 243 121 1
188 244 302 1
246 247 98 1
151 259 253 1
166 266 21 1
143 276 48 1
229 281 127 1
130 283 58 1
248 284 114 1
193 297 177 1
226 314 307 1
181 336 174 1
174 177 57 3
183 236 204 3
