236 23 42 1
83 30 150 1
117 44 153 1
227 46 42 1
240 49 212 1
157 55 160 1
197 69 46 1
112 74 132 1
93 75 138 1
225 90 55 1
169 93 156 1
270 93 49 1
92 112 118 1
187 119 84 1
243 119 66 1
167 123 79 1
176 134 264 1
160 137 62 1
226 138 84 1
208 139 89 1
49 148 110 1
179 150 278 1
92 151 98 1
172 155 246 1
126 157 87 1
181 168 287 1
269 176 70 1
261 181 82 1
209 184 120 1
79 185 94 1
237 185 96 1
31 187 110 1
256 202 89 1
155 207 24 1
132 214 52 1
226 222 124 1
240 226 114 1
35 227 93 1
123 227 59 1
187 232 167 1
79 241 66 1
275 250 300 1
252 251 293 1
217 254 302 1
242 267 318 1
91 272 242 1
178 272 165 1
235 282 329 1
56 283 229 1
84 290 232 1
257 315 338 1
80 321 205 1
116 334 200 1
171 118 60 3
176 174 189 3
