110 33 177 1
227 40 8 1
81 55 163 1
115 78 166 1
154 97 165 1
92 102 146 1
190 106 31 1
111 107 143 1
220 113 42 1
239 131 62 1
89 137 122 1
169 137 163 1
184 151 69 1
48 158 117 1
222 160 84 1
165 165 87 1
205 168 93 1
85 174 107 1
156 174 84 1
125 179 105 1
170 190 271 1
142 197 63 1
135 199 76 1
68 200 101 1
234 202 98 1
204 211 115 1
167 212 262 1
25 223 98 1
174 230 184 1
130 231 58 1
116 239 58 1
216 242 128 1
106 250 58 1
61 252 69 1
179 259 162 1
212 269 308 1
21 277 52 1
35 277 242 1
68 279 250 1
155 293 181 1
62 296 231 1
150 308 180 1
160 308 342 1
58 316 212 1
88 329 203 1
168 163 62 3
170 218 208 3
