208 71 200 1
92 107 152 1
220 113 37 1
107 143 148 1
140 150 149 1
184 160 38 1
102 174 127 1
218 176 52 1
83 183 122 1
260 185 52 1
157 187 143 1
179 210 76 1
87 213 113 1
233 213 66 1
168 214 70 1
176 214 201 1
161 215 73 1
220 226 79 1
202 228 82 1
155 229 68 1
175 244 264 1
123 246 87 1
163 249 248 1
89 253 93 1
264 259 66 1
258 260 72 1
170 262 243 1
145 269 59 1
207 274 110 1
235 274 91 1
251 288 84 1
76 292 87 1
154 308 20 1
135 312 48 1
221 313 118 1
241 314 107 1
125 324 53 1
255 338 287 1
160 209 53 3
175 279 164 3
