113 53 180 1
136 87 6 1
193 124 20 1
122 145 14 1
157 148 27 1
81 151 132 1
40 159 122 1
185 164 35 1
108 180 125 1
180 185 52 1
51 186 108 1
27 192 302 1
35 194 111 1
231 194 38 1
137 196 66 1
167 201 62 1
228 205 48 1
139 207 218 1
123 213 48 1
210 223 65 1
232 224 58 1
50 226 90 1
185 237 83 1
156 241 259 1
98 247 66 1
120 251 39 1
233 259 90 1
67 260 70 1
218 260 97 1
145 266 203 1
142 281 8 1
188 291 148 1
260 291 281 1
68 294 60 1
130 299 24 1
224 299 285 1
127 314 28 1
196 329 146 1
106 347 37 1
124 203 39 3
149 244 190 3
