204 41 204 1
84 66 160 1
210 84 38 1
94 105 148 1
200 105 38 1
210 106 211 1
135 115 160 1
174 130 45 1
89 136 131 1
68 144 128 1
206 149 53 1
249 149 49 1
38 150 312 1
150 154 163 1
73 170 114 1
220 177 66 1
147 185 76 1
141 193 79 1
193 197 96 1
208 198 83 1
159 203 259 1
73 209 98 1
105 209 90 1
32 216 276 1
147 229 262 1
246 231 70 1
241 237 77 1
132 238 46 1
56 249 90 1
129 249 259 1
180 249 131 1
212 249 98 1
232 266 93 1
100 280 66 1
199 282 125 1
219 285 113 1
163 292 173 1
234 311 295 1
194 315 305 1
74 320 66 1
219 322 294 1
213 328 143 1
239 328 311 1
71 331 248 1
152 333 176 1
218 343 328 1
149 169 44 3
158 242 202 3
