249 50 203 1
133 82 158 1
259 93 35 1
146 119 148 1
188 128 160 1
228 136 42 1
122 158 128 1
139 159 128 1
258 162 60 1
223 185 212 1
125 186 114 1
242 189 238 1
272 191 65 1
217 195 87 1
232 199 96 1
245 202 79 1
213 217 278 1
263 219 82 1
164 221 91 1
126 223 98 1
243 225 98 1
199 235 262 1
211 236 298 1
294 246 76 1
218 248 162 1
241 261 125 1
266 265 101 1
108 270 90 1
285 273 87 1
188 279 27 1
167 289 48 1
154 295 59 1
259 295 124 1
273 297 113 1
220 304 166 1
249 327 302 1
208 350 172 1
201 177 84 3
208 238 191 3
