106 41 136 1
177 43 183 1
236 77 218 1
249 78 49 1
197 80 203 1
103 92 121 1
187 98 181 1
130 105 110 1
118 132 287 1
111 138 105 1
128 143 97 1
179 148 96 1
170 150 96 1
194 152 66 1
194 163 89 1
202 168 66 1
79 176 104 1
175 179 267 1
167 200 257 1
117 206 87 1
285 206 225 1
138 219 73 1
96 222 100 1
103 251 98 1
119 257 63 1
118 269 59 1
293 278 190 1
193 279 42 1
108 281 120 1
131 281 242 1
179 286 229 1
137 304 218 1
229 305 208 1
161 317 221 1
211 323 210 1
247 326 191 1
155 330 203 1
203 334 207 1
187 148 69 3
