173 19 100 1
184 21 89 1
205 21 76 1
69 26 113 1
248 32 70 1
139 42 262 1
132 51 34 1
231 54 93 1
87 56 93 1
75 59 96 1
243 61 84 1
169 69 141 1
196 75 114 1
208 75 107 1
99 76 66 1
262 77 79 1
42 78 278 1
67 105 48 1
118 105 228 1
100 109 239 1
86 115 233 1
220 115 110 1
152 126 177 1
72 130 226 1
112 136 205 1
56 142 212 1
170 150 152 1
226 154 122 1
112 161 194 1
160 168 160 1
249 170 287 1
173 180 315 1
66 184 194 1
135 203 352 1
176 214 332 1
106 219 10 1
227 219 332 1
201 230 336 1
188 240 354 1
138 255 11 1
148 98 217 3
