185 47 172 1
155 65 346 1
192 91 31 1
186 103 32 1
97 112 125 1
140 122 329 1
168 126 35 1
197 139 68 1
160 144 121 1
166 145 90 1
229 150 65 1
180 160 98 1
127 162 96 1
159 163 118 1
202 164 90 1
145 173 294 1
234 182 84 1
259 183 253 1
77 184 96 1
132 185 267 1
143 188 284 1
111 189 93 1
215 191 96 1
153 192 298 1
32 203 281 1
225 205 96 1
124 210 250 1
121 214 87 1
178 217 118 1
93 218 262 1
190 219 114 1
71 223 262 1
104 224 264 1
106 243 228 1
91 268 212 1
195 277 118 1
138 286 166 1
90 292 203 1
134 298 159 1
184 308 132 1
146 323 318 1
162 136 84 3
120 246 182 3
