145 19 160 1
216 50 23 1
261 58 207 1
165 59 177 1
196 66 24 1
130 77 349 1
163 98 30 1
221 107 44 1
165 118 42 1
73 120 127 1
208 121 49 1
109 133 330 1
138 136 39 1
160 149 68 1
129 155 145 1
199 162 69 1
144 168 100 1
108 169 314 1
163 169 83 1
221 175 70 1
125 178 146 1
109 183 323 1
46 185 101 1
88 186 49 1
32 191 101 1
202 198 84 1
182 203 98 1
123 210 146 1
54 213 70 1
151 219 120 1
191 223 98 1
157 224 114 1
246 227 72 1
69 242 235 1
205 245 91 1
36 249 239 1
50 249 239 1
95 267 183 1
161 267 117 1
54 271 218 1
212 275 98 1
108 295 158 1
54 300 204 1
230 303 90 1
158 311 128 1
96 314 169 1
106 329 321 1
172 338 297 1
66 348 357 1
130 155 96 3
92 236 231 3
