103 36 340 1
130 46 156 1
202 54 357 1
175 81 0 1
157 84 163 1
125 108 340 1
212 109 14 1
161 126 14 1
206 131 24 1
163 145 24 1
80 153 124 1
115 170 322 1
144 170 24 1
209 174 56 1
228 177 53 1
170 178 56 1
177 197 73 1
156 198 80 1
143 201 107 1
219 206 70 1
121 218 278 1
64 219 96 1
50 220 96 1
126 220 300 1
202 220 87 1
115 223 260 1
107 224 38 1
215 234 84 1
139 239 169 1
149 240 134 1
117 242 354 1
233 245 76 1
175 246 107 1
76 249 63 1
109 249 17 1
182 249 101 1
136 262 165 1
247 267 82 1
196 284 107 1
99 285 222 1
133 302 169 1
201 325 121 1
223 340 287 1
140 186 85 3
123 280 217 3
