175 12 172 1
205 17 24 1
147 31 346 1
182 53 27 1
232 58 41 1
179 69 32 1
226 72 46 1
94 84 118 1
131 92 321 1
161 92 32 1
184 103 62 1
158 111 84 1
222 112 63 1
169 122 89 1
189 123 79 1
245 127 63 1
153 136 124 1
230 148 79 1
139 150 294 1
122 152 49 1
77 158 93 1
212 158 93 1
65 164 96 1
154 167 143 1
223 172 90 1
89 178 68 1
180 178 113 1
190 180 101 1
276 182 69 1
146 190 141 1
239 195 84 1
111 211 226 1
86 214 240 1
60 216 68 1
142 220 159 1
201 224 110 1
253 224 89 1
279 226 76 1
101 241 205 1
272 257 84 1
146 258 163 1
145 269 150 1
198 270 122 1
106 275 190 1
154 293 311 1
221 293 287 1
97 300 3 1
218 328 305 1
154 107 82 3
134 206 169 3
