187 28 183 1
240 28 35 1
158 39 6 1
219 42 35 1
278 48 222 1
285 69 229 1
95 71 138 1
185 75 46 1
235 85 53 1
180 89 52 1
126 95 340 1
49 99 135 1
222 99 59 1
154 104 52 1
146 122 104 1
172 122 75 1
105 125 107 1
43 134 113 1
56 135 113 1
154 138 111 1
207 139 76 1
172 144 96 1
228 159 79 1
59 162 82 1
109 165 245 1
209 172 93 1
129 173 148 1
101 175 0 1
96 180 253 1
183 182 110 1
86 185 82 1
145 193 131 1
49 195 252 1
155 197 121 1
190 200 107 1
84 201 257 1
71 205 236 1
92 210 273 1
244 210 82 1
87 215 235 1
42 216 238 1
98 219 183 1
28 220 48 1
204 228 104 1
153 241 128 1
23 250 34 1
46 253 217 1
204 254 107 1
96 256 165 1
86 263 172 1
143 282 139 1
22 286 35 1
88 289 332 1
48 294 17 1
156 309 305 1
77 322 357 1
142 117 97 3
89 228 236 3
