96 18 143 1
220 43 180 1
241 47 23 1
185 61 346 1
48 89 318 1
224 92 37 1
78 98 315 1
73 99 132 1
83 100 134 1
132 103 129 1
218 105 42 1
262 108 49 1
51 114 314 1
166 120 332 1
192 124 39 1
44 134 308 1
86 139 122 1
222 142 70 1
190 145 96 1
198 158 98 1
253 158 76 1
148 159 98 1
218 161 87 1
35 167 293 1
102 167 104 1
90 170 110 1
132 181 101 1
108 194 79 1
263 194 84 1
53 195 284 1
144 201 273 1
234 201 104 1
115 205 267 1
134 206 93 1
152 212 284 1
243 213 98 1
40 216 70 1
196 217 127 1
207 221 118 1
288 221 93 1
128 222 270 1
162 223 302 1
98 225 252 1
122 227 250 1
114 233 243 1
146 233 273 1
134 234 270 1
140 237 270 1
34 240 48 1
260 242 101 1
72 249 233 1
53 255 218 1
144 255 191 1
31 256 44 1
98 257 232 1
211 258 118 1
24 264 82 1
35 281 46 1
154 284 160 1
105 290 208 1
55 294 221 1
147 300 172 1
196 307 139 1
101 316 17 1
150 318 325 1
216 331 301 1
80 349 23 1
186 136 88 3
144 240 189 3
