106 23 153 1
272 40 27 1
221 50 177 1
253 57 27 1
198 66 352 1
224 91 34 1
281 105 49 1
87 106 138 1
136 109 129 1
222 110 44 1
268 116 53 1
174 124 332 1
197 130 37 1
95 144 122 1
222 149 69 1
256 155 69 1
194 160 125 1
204 170 108 1
279 170 70 1
92 173 110 1
104 173 104 1
166 174 293 1
144 175 72 1
220 175 98 1
184 176 156 1
170 177 323 1
259 192 84 1
239 200 101 1
112 201 73 1
181 207 153 1
208 218 125 1
247 220 98 1
76 221 63 1
217 224 118 1
127 234 239 1
94 238 246 1
262 238 94 1
108 239 243 1
78 252 235 1
147 260 194 1
108 262 222 1
216 264 122 1
268 268 98 1
160 288 162 1
108 289 210 1
149 303 169 1
209 307 132 1
160 322 328 1
119 336 0 1
191 147 92 3
