174 31 343 1
213 43 179 1
180 60 349 1
107 65 323 1
254 84 27 1
120 98 148 1
250 101 203 1
236 115 28 1
176 117 160 1
278 117 38 1
63 120 326 1
205 125 11 1
231 129 201 1
218 140 28 1
144 149 333 1
196 156 20 1
103 164 138 1
79 172 319 1
234 175 212 1
164 201 349 1
163 221 0 1
90 225 308 1
139 234 319 1
233 238 68 1
203 251 65 1
155 263 6 1
257 274 79 1
173 275 194 1
161 281 136 1
163 284 120 1
141 292 321 1
264 311 75 1
195 318 105 1
118 320 129 1
249 325 83 1
236 341 98 1
162 282 79 3
