175 31 329 1
244 60 346 1
204 69 145 1
176 75 325 1
114 76 328 1
258 111 6 1
179 125 322 1
254 133 11 1
48 134 307 1
229 136 338 1
81 142 315 1
46 149 323 1
85 150 316 1
78 151 152 1
43 171 316 1
226 173 11 1
49 181 326 1
291 184 93 1
50 189 329 1
212 195 343 1
224 195 145 1
71 196 142 1
248 196 229 1
226 200 132 1
145 202 142 1
42 203 328 1
33 204 290 1
230 211 121 1
54 214 314 1
172 221 139 1
90 231 336 1
249 239 121 1
46 242 322 1
41 262 323 1
136 272 323 1
293 275 117 1
24 277 278 1
99 278 163 1
71 280 340 1
74 286 343 1
108 301 340 1
227 301 138 1
183 319 328 1
149 337 346 1
232 193 83 3
