67 33 270 1
209 108 205 1
49 113 304 1
135 133 150 1
201 136 37 1
111 137 333 1
265 152 221 1
277 155 240 1
38 158 301 1
219 160 48 1
264 161 58 1
97 168 127 1
120 172 122 1
222 173 238 1
173 183 183 1
35 192 288 1
225 199 62 1
162 200 120 1
169 202 44 1
119 205 291 1
134 214 288 1
127 215 96 1
187 220 65 1
159 230 84 1
139 239 266 1
126 260 86 1
244 270 248 1
240 272 63 1
102 276 83 1
91 282 87 1
231 299 240 1
79 309 79 1
135 313 73 1
229 338 221 1
201 349 221 1
166 203 32 3
