146 18 132 1
162 21 352 1
218 33 79 1
228 34 73 1
204 36 232 1
101 40 122 1
181 40 174 1
105 51 117 1
69 52 128 1
142 53 98 1
170 56 93 1
115 57 104 1
191 59 211 1
242 64 76 1
173 67 58 1
192 75 232 1
221 81 98 1
104 82 98 1
124 88 79 1
86 106 114 1
223 106 128 1
169 116 232 1
208 119 312 1
226 129 180 1
260 130 246 1
237 132 246 1
162 145 218 1
262 150 226 1
245 153 194 1
123 167 218 1
105 172 205 1
257 175 194 1
169 184 200 1
241 203 176 1
205 224 180 1
159 225 4 1
146 230 186 1
150 246 6 1
179 249 186 1
223 123 -1 -1 -1 2
84 131 -1 -1 -1 2
174 57 45 3
190 79 203 3
