164 40 174 1
143 61 148 1
218 72 58 1
233 73 58 1
190 74 197 1
166 100 4 1
138 101 125 1
191 101 200 1
227 108 70 1
219 113 76 1
172 117 135 1
202 124 79 1
199 126 233 1
140 132 96 1
175 132 41 1
190 135 205 1
172 137 73 1
236 137 253 1
168 138 82 1
222 158 98 1
240 164 76 1
125 172 70 1
32 177 326 1
85 180 166 1
35 185 335 1
41 189 352 1
88 193 117 1
172 193 225 1
41 197 0 1
228 205 177 1
39 211 3 1
238 214 215 1
164 222 217 1
34 225 346 1
127 248 218 1
112 254 204 1
174 262 197 1
211 300 177 1
163 302 6 1
154 309 188 1
183 323 183 1
152 328 3 1
171 346 183 1
86 197 -1 -1 -1 2
228 202 -1 -1 -1 2
167 105 26 3
190 156 166 3
