194 17 20 1
221 27 203 1
168 39 0 1
217 39 197 1
196 47 186 1
264 56 41 1
185 61 6 1
172 69 3 1
222 79 200 1
180 81 169 1
229 96 45 1
164 98 148 1
75 103 132 1
253 103 53 1
129 105 143 1
217 112 200 1
278 115 228 1
165 134 127 1
186 137 353 1
241 141 70 1
252 142 66 1
227 146 226 1
203 151 165 1
122 157 118 1
167 162 98 1
91 168 118 1
230 168 236 1
272 169 68 1
127 170 110 1
217 170 205 1
236 170 97 1
139 173 96 1
202 175 37 1
199 176 60 1
250 188 93 1
80 194 300 1
131 198 93 1
152 203 70 1
116 224 114 1
239 227 322 1
294 230 238 1
207 235 215 1
262 236 177 1
271 236 242 1
299 251 217 1
98 252 311 1
282 256 188 1
197 257 211 1
160 280 215 1
143 286 203 1
209 294 194 1
251 328 174 1
198 333 1 1
256 228 -1 -1 -1 2
117 246 -1 -1 -1 2
199 169 49 3
218 187 203 3
