107 46 357 1
177 71 191 1
131 82 357 1
162 97 17 1
187 105 200 1
138 118 6 1
183 118 194 1
153 126 183 1
230 128 31 1
158 142 6 1
140 150 3 1
197 151 31 1
186 158 197 1
147 161 172 1
196 177 44 1
130 178 148 1
220 181 46 1
97 184 139 1
179 190 194 1
132 213 128 1
145 215 346 1
217 217 63 1
207 221 68 1
190 228 224 1
169 232 169 1
89 237 117 1
188 238 225 1
131 245 96 1
242 246 66 1
92 247 111 1
58 249 121 1
182 250 205 1
201 250 94 1
105 253 98 1
216 266 93 1
96 279 96 1
116 283 73 1
219 294 135 1
86 301 101 1
205 308 305 1
166 309 224 1
227 311 211 1
160 339 211 1
164 250 45 3
184 269 199 3
