158 23 3 1
178 24 183 1
256 25 52 1
210 28 37 1
155 35 163 1
207 47 44 1
140 52 143 1
238 63 59 1
107 64 134 1
204 74 215 1
144 83 128 1
164 86 359 1
262 86 239 1
221 96 73 1
232 98 70 1
180 101 165 1
143 115 98 1
199 116 233 1
174 117 98 1
178 118 68 1
96 119 114 1
207 126 264 1
175 128 66 1
195 129 231 1
217 129 101 1
101 130 113 1
114 130 101 1
250 133 70 1
227 147 93 1
130 152 270 1
246 155 79 1
125 158 79 1
102 160 96 1
175 184 225 1
215 186 328 1
246 200 246 1
269 203 246 1
66 207 259 1
241 207 198 1
169 214 211 1
271 222 229 1
257 224 200 1
79 228 183 1
127 242 211 1
266 247 200 1
109 250 188 1
177 255 194 1
254 276 183 1
215 296 180 1
173 297 357 1
160 306 180 1
188 325 183 1
177 117 44 3
195 146 195 3
