226 28 37 1
148 32 152 1
207 41 41 1
228 43 45 1
255 52 222 1
137 54 132 1
187 54 183 1
109 66 128 1
222 83 63 1
233 83 62 1
146 86 117 1
166 87 342 1
207 87 215 1
186 98 160 1
256 107 62 1
214 113 232 1
202 116 205 1
223 116 90 1
186 120 34 1
109 124 107 1
151 125 82 1
186 127 44 1
236 130 84 1
116 133 104 1
127 135 90 1
86 142 114 1
244 156 132 1
122 163 87 1
143 163 63 1
231 170 301 1
287 170 233 1
253 176 166 1
264 176 233 1
195 177 212 1
115 191 87 1
283 194 194 1
88 202 281 1
192 208 204 1
293 232 172 1
162 242 204 1
212 245 180 1
147 252 191 1
258 274 166 1
216 285 346 1
203 297 172 1
238 306 167 1
200 319 346 1
251 172 -1 -1 -1 2
115 219 -1 -1 -1 2
184 116 44 3
204 134 199 3
