178 15 183 1
253 28 44 1
162 39 3 1
208 49 200 1
170 51 172 1
242 62 48 1
154 68 148 1
220 70 49 1
120 75 142 1
241 76 58 1
201 81 197 1
265 90 233 1
152 104 127 1
176 112 8 1
236 112 70 1
227 115 73 1
210 120 225 1
190 124 172 1
110 127 121 1
154 138 98 1
77 141 122 1
113 141 114 1
125 143 104 1
202 145 215 1
186 147 46 1
183 149 65 1
232 162 98 1
64 164 305 1
250 168 79 1
113 170 98 1
133 172 79 1
234 188 128 1
96 194 114 1
180 201 229 1
220 205 311 1
239 211 177 1
248 212 248 1
273 216 238 1
64 225 314 1
74 225 314 1
173 230 217 1
276 231 224 1
259 234 194 1
134 255 218 1
116 259 203 1
181 268 194 1
257 283 174 1
219 306 177 1
173 307 0 1
167 316 183 1
191 329 180 1
162 336 0 1
93 220 -1 -1 -1 2
236 206 -1 -1 -1 2
184 142 49 3
201 163 199 3
