143 91 166 1
128 109 143 1
100 119 139 1
189 133 212 1
127 147 122 1
152 148 353 1
185 148 211 1
219 157 70 1
169 163 172 1
220 173 62 1
130 178 94 1
61 185 124 1
103 186 96 1
163 187 65 1
167 187 44 1
228 188 76 1
89 190 110 1
213 200 93 1
94 214 96 1
115 215 73 1
217 226 131 1
79 240 114 1
202 240 309 1
166 241 222 1
223 249 177 1
257 249 242 1
233 250 243 1
158 269 212 1
251 270 198 1
121 296 215 1
106 302 200 1
171 308 194 1
208 345 177 1
175 350 357 1
219 242 -1 -1 -1 2
80 263 -1 -1 -1 2
163 179 49 3
180 202 199 3
