132 17 11 1
83 20 158 1
130 30 183 1
66 44 333 1
243 55 45 1
163 64 45 1
236 71 228 1
108 77 350 1
127 85 169 1
267 89 48 1
190 99 231 1
86 100 332 1
116 104 8 1
203 105 55 1
61 109 122 1
149 115 49 1
92 118 346 1
164 118 225 1
130 126 44 1
102 132 138 1
196 134 55 1
172 144 233 1
149 145 225 1
155 147 59 1
119 160 93 1
126 178 98 1
182 184 236 1
169 189 233 1
79 193 146 1
250 193 211 1
148 205 200 1
188 207 222 1
51 209 325 1
126 209 349 1
67 213 142 1
68 224 322 1
225 228 200 1
221 241 186 1
138 200 -1 -1 -1 2
110 143 79 3
