206 72 210 1
188 79 203 1
125 80 14 1
125 96 186 1
135 111 183 1
89 129 352 1
241 129 42 1
186 132 207 1
88 149 163 1
133 151 17 1
136 165 191 1
67 173 338 1
49 198 138 1
162 203 55 1
30 204 322 1
241 205 53 1
104 210 357 1
30 215 318 1
122 220 174 1
233 222 238 1
71 234 323 1
112 238 20 1
54 242 128 1
184 244 238 1
195 249 63 1
86 252 346 1
140 252 58 1
155 258 235 1
92 261 145 1
126 267 55 1
169 275 69 1
184 276 63 1
43 280 118 1
95 281 114 1
101 281 98 1
161 286 240 1
120 287 65 1
107 297 101 1
181 305 249 1
55 310 305 1
111 316 107 1
166 332 243 1
152 334 239 1
121 335 83 1
100 276 83 3
