70 26 188 1
152 28 38 1
116 49 208 1
63 68 17 1
210 74 224 1
65 82 191 1
91 120 53 1
173 120 55 1
33 128 356 1
163 135 235 1
53 138 177 1
41 155 17 1
113 157 235 1
192 157 55 1
125 161 63 1
74 173 56 1
85 173 232 1
49 177 46 1
38 181 35 1
115 191 60 1
68 198 231 1
92 201 238 1
74 202 66 1
38 213 96 1
206 216 228 1
44 232 104 1
98 243 240 1
85 247 238 1
205 252 214 1
150 256 229 1
63 261 205 1
39 265 352 1
104 274 222 1
173 276 203 1
84 281 211 1
139 287 203 1
201 291 186 1
128 305 194 1
158 317 177 1
38 329 158 1
158 350 174 1
54 255 -1 -1 -1 2
