129 56 188 1
114 71 180 1
178 93 20 1
57 98 346 1
220 102 200 1
64 112 166 1
80 121 160 1
133 122 186 1
210 160 28 1
43 162 326 1
86 162 352 1
99 173 169 1
47 179 136 1
210 179 208 1
242 186 27 1
136 196 24 1
43 205 315 1
173 221 212 1
187 222 37 1
90 226 335 1
109 229 149 1
36 232 117 1
154 246 204 1
109 248 354 1
191 252 38 1
70 260 301 1
135 269 27 1
58 271 104 1
112 286 107 1
137 288 41 1
118 293 79 1
249 297 200 1
129 304 76 1
193 307 221 1
60 311 96 1
183 317 221 1
141 321 84 1
209 329 204 1
155 330 63 1
88 333 281 1
246 336 180 1
167 339 188 1
197 347 184 1
248 352 172 1
116 288 65 3
