196 90 208 1
112 99 14 1
188 103 204 1
110 115 188 1
122 131 183 1
214 132 38 1
78 148 357 1
172 149 203 1
74 170 160 1
120 170 14 1
125 184 188 1
53 195 336 1
49 217 141 1
234 217 52 1
153 220 49 1
113 225 167 1
95 230 353 1
226 234 235 1
115 238 172 1
65 253 323 1
256 255 52 1
104 256 14 1
51 257 127 1
177 257 233 1
190 264 59 1
135 269 53 1
79 271 343 1
150 274 229 1
88 278 143 1
115 279 46 1
102 292 49 1
182 294 58 1
37 297 118 1
93 299 117 1
115 300 60 1
134 300 229 1
158 301 236 1
97 302 98 1
139 302 63 1
104 314 96 1
48 329 301 1
110 334 104 1
166 344 238 1
119 347 77 1
152 348 238 1
97 296 76 3
