176 24 207 1
140 31 198 1
210 39 35 1
215 56 214 1
193 97 212 1
111 99 14 1
184 103 204 1
110 115 191 1
121 131 186 1
214 138 37 1
72 151 354 1
174 154 207 1
72 167 163 1
113 170 14 1
125 187 194 1
45 193 338 1
44 214 148 1
148 222 49 1
230 222 49 1
108 226 167 1
91 230 357 1
221 237 233 1
115 242 186 1
59 251 325 1
46 252 132 1
99 257 17 1
250 257 46 1
172 260 235 1
185 267 59 1
132 275 53 1
144 275 229 1
71 277 345 1
82 278 160 1
110 281 49 1
96 293 52 1
177 297 62 1
88 298 122 1
91 301 101 1
134 301 63 1
150 301 238 1
108 302 59 1
128 304 235 1
97 313 98 1
40 323 304 1
102 335 107 1
158 347 240 1
112 349 79 1
90 297 80 3
