209 25 207 1
194 30 200 1
123 36 6 1
125 52 183 1
144 71 181 1
188 80 197 1
96 92 350 1
142 109 11 1
100 112 159 1
149 124 187 1
68 141 332 1
244 154 49 1
66 159 139 1
106 161 136 1
208 164 66 1
88 169 321 1
79 178 131 1
110 178 339 1
275 179 59 1
112 193 0 1
97 195 330 1
103 206 349 1
140 209 228 1
271 210 236 1
124 212 169 1
121 218 20 1
265 220 149 1
155 222 250 1
108 234 117 1
120 237 110 1
126 237 93 1
137 243 77 1
147 244 66 1
75 246 285 1
136 261 93 1
264 262 228 1
243 264 238 1
156 269 65 1
77 270 301 1
182 271 239 1
291 274 215 1
201 280 233 1
169 283 58 1
213 284 221 1
298 291 225 1
44 292 307 1
256 295 14 1
188 304 201 1
91 311 319 1
136 312 342 1
243 313 17 1
194 320 181 1
90 337 329 1
190 348 357 1
166 302 -1 -1 -1 2
121 233 79 3
