146 32 332 1
202 38 179 1
169 46 346 1
92 66 135 1
149 72 326 1
208 73 188 1
155 82 125 1
93 84 128 1
191 99 152 1
140 104 309 1
102 107 122 1
74 108 307 1
198 113 146 1
204 128 65 1
221 129 42 1
197 134 82 1
89 145 301 1
178 153 113 1
192 158 70 1
146 167 302 1
178 175 128 1
159 193 311 1
192 195 212 1
166 203 352 1
142 209 330 1
114 220 326 1
82 221 328 1
195 221 190 1
290 221 233 1
158 226 3 1
300 230 259 1
57 238 346 1
153 246 11 1
114 247 345 1
300 251 242 1
177 256 200 1
167 260 6 1
73 267 1 1
143 273 10 1
280 292 231 1
302 301 256 1
299 334 129 1
183 188 -1 -1 -1 2
200 125 38 3
