109 27 318 1
150 59 333 1
184 61 346 1
223 67 357 1
223 81 354 1
145 97 325 1
109 110 322 1
251 110 0 1
157 137 330 1
70 160 156 1
160 188 329 1
216 189 173 1
184 199 343 1
223 222 180 1
169 223 328 1
108 225 136 1
110 242 127 1
197 251 131 1
247 259 218 1
215 263 136 1
121 265 118 1
92 266 307 1
225 274 66 1
219 281 90 1
252 282 278 1
243 283 240 1
176 295 294 1
178 299 113 1
229 299 63 1
110 301 301 1
219 301 87 1
202 302 107 1
248 313 246 1
169 323 300 1
236 326 83 1
213 330 278 1
185 345 311 1
235 345 28 1
222 275 57 3
