140 28 139 1
124 42 328 1
89 53 323 1
137 79 333 1
47 111 142 1
141 126 332 1
193 130 176 1
236 135 203 1
163 138 346 1
90 163 128 1
145 163 328 1
201 163 186 1
90 178 124 1
186 190 146 1
226 194 212 1
102 204 117 1
201 204 162 1
74 209 301 1
204 218 62 1
198 222 82 1
181 243 107 1
91 245 297 1
234 245 226 1
195 248 66 1
150 260 298 1
182 267 128 1
166 284 307 1
200 285 207 1
77 294 308 1
173 296 343 1
44 301 143 1
250 303 219 1
219 307 207 1
127 314 319 1
93 319 325 1
167 325 354 1
74 340 338 1
132 347 346 1
216 349 21 1
188 276 -1 -1 -1 2
199 215 38 3
