150 19 354 1
183 36 11 1
227 49 203 1
129 52 347 1
215 58 27 1
205 68 24 1
246 89 211 1
123 94 352 1
236 100 208 1
221 110 30 1
112 143 343 1
134 159 0 1
163 159 191 1
55 164 148 1
110 178 340 1
51 183 138 1
111 192 136 1
166 193 200 1
232 193 58 1
29 203 318 1
56 209 131 1
93 210 321 1
150 217 181 1
152 231 172 1
39 242 308 1
152 246 72 1
145 249 90 1
187 254 246 1
238 262 73 1
124 265 118 1
165 272 250 1
93 273 304 1
137 273 79 1
121 288 141 1
124 300 288 1
101 302 318 1
104 315 354 1
58 320 335 1
181 339 229 1
96 340 13 1
122 298 -1 -1 -1 2
148 241 49 3
