133 28 354 1
170 39 8 1
84 62 328 1
197 71 188 1
48 75 322 1
203 85 17 1
94 99 333 1
100 147 328 1
153 149 176 1
124 157 346 1
230 165 41 1
163 183 186 1
49 185 127 1
105 192 316 1
110 197 118 1
52 209 121 1
150 210 148 1
99 221 301 1
160 224 146 1
64 230 114 1
253 230 58 1
34 238 302 1
203 242 238 1
161 244 79 1
167 246 58 1
120 255 290 1
121 260 107 1
197 264 229 1
144 267 101 1
54 272 294 1
160 273 62 1
116 281 293 1
147 291 134 1
133 306 301 1
163 306 201 1
259 308 226 1
213 314 221 1
138 320 342 1
39 322 311 1
186 328 203 1
240 336 210 1
121 337 329 1
92 340 318 1
57 347 322 1
136 347 357 1
154 301 -1 -1 -1 2
162 236 36 3
