182 17 203 1
124 27 8 1
216 30 35 1
139 36 191 1
95 63 1 1
51 65 148 1
133 65 24 1
105 66 180 1
168 69 41 1
210 69 48 1
108 84 17 1
168 97 221 1
121 102 188 1
220 112 233 1
57 113 323 1
108 119 32 1
87 128 6 1
114 134 197 1
155 135 63 1
176 144 62 1
50 145 121 1
216 145 59 1
86 153 127 1
124 180 89 1
156 182 82 1
66 184 297 1
171 200 86 1
191 206 76 1
129 211 281 1
185 222 94 1
189 237 75 1
154 238 297 1
164 254 308 1
130 269 319 1
70 276 325 1
316 337 96 1
95 162 83 3
