166 77 0 1
144 106 160 1
42 114 315 1
98 128 329 1
175 150 357 1
36 151 311 1
48 151 325 1
199 153 183 1
39 182 311 1
159 183 357 1
193 184 23 1
226 184 42 1
82 185 138 1
58 186 323 1
111 188 142 1
167 191 172 1
81 203 319 1
159 209 3 1
224 212 218 1
48 220 319 1
180 222 188 1
119 236 322 1
30 239 314 1
170 240 35 1
53 244 135 1
150 251 6 1
213 254 68 1
61 257 314 1
176 257 200 1
111 270 128 1
147 276 129 1
153 285 122 1
160 293 108 1
178 306 104 1
211 307 94 1
123 308 304 1
183 319 267 1
157 282 84 3
