190 66 6 1
163 91 166 1
115 108 333 1
249 126 208 1
65 127 325 1
191 138 7 1
216 150 195 1
70 162 329 1
93 164 143 1
121 170 149 1
204 174 28 1
91 180 325 1
237 182 51 1
69 188 318 1
178 192 20 1
235 208 225 1
189 211 194 1
124 219 325 1
60 221 134 1
176 227 39 1
70 232 315 1
157 235 17 1
180 243 203 1
220 247 73 1
114 251 131 1
239 259 73 1
149 262 134 1
184 289 98 1
124 291 307 1
214 296 94 1
226 313 97 1
183 322 288 1
242 326 82 1
63 335 142 1
204 346 297 1
162 272 84 3
