121 24 340 1
144 27 160 1
122 44 338 1
174 93 6 1
147 117 166 1
284 118 211 1
234 124 31 1
97 138 339 1
259 139 211 1
232 151 204 1
269 162 35 1
172 164 3 1
202 176 195 1
77 185 153 1
106 195 153 1
187 198 27 1
76 201 333 1
224 206 48 1
261 206 52 1
162 216 17 1
219 232 225 1
172 234 194 1
113 242 325 1
269 251 235 1
137 256 354 1
206 272 73 1
101 277 131 1
223 280 70 1
138 283 132 1
262 286 62 1
171 312 97 1
111 319 301 1
200 319 91 1
266 337 52 1
171 346 285 1
212 347 101 1
149 294 85 3
