91 10 336 1
228 23 204 1
169 33 4 1
193 40 194 1
147 63 0 1
73 64 139 1
48 66 323 1
100 66 143 1
157 66 181 1
180 66 27 1
216 73 48 1
71 80 322 1
257 81 55 1
155 83 20 1
48 91 315 1
167 103 194 1
214 104 229 1
107 112 323 1
156 119 42 1
133 125 357 1
264 129 239 1
52 135 308 1
161 137 207 1
199 143 73 1
99 147 125 1
216 151 73 1
133 154 131 1
254 162 66 1
165 183 97 1
192 187 89 1
102 200 301 1
222 210 79 1
204 212 98 1
165 216 285 1
264 218 58 1
53 236 138 1
210 241 118 1
184 249 295 1
216 251 86 1
237 261 238 1
223 262 204 1
210 264 323 1
189 270 312 1
66 276 322 1
163 280 315 1
98 288 321 1
177 302 329 1
231 307 183 1
83 308 332 1
134 311 332 1
185 313 345 1
230 323 180 1
84 328 338 1
185 329 346 1
138 339 352 1
206 340 354 1
116 350 357 1
217 259 -1 -1 -1 2
143 164 83 3
