132 41 342 1
119 93 332 1
198 115 183 1
241 115 15 1
107 125 136 1
182 148 169 1
152 150 339 1
247 152 31 1
72 165 305 1
207 167 21 1
177 174 0 1
147 182 330 1
153 190 139 1
224 193 204 1
276 194 215 1
165 201 352 1
106 208 118 1
183 213 172 1
78 222 114 1
285 230 37 1
177 234 6 1
225 234 46 1
57 235 297 1
85 236 294 1
247 237 46 1
167 247 354 1
192 247 186 1
130 251 294 1
68 257 288 1
173 274 107 1
242 281 65 1
77 285 104 1
138 285 98 1
305 285 225 1
214 287 70 1
190 288 80 1
91 293 284 1
280 294 53 1
266 295 70 1
229 313 256 1
166 314 274 1
282 316 70 1
291 326 63 1
260 338 274 1
185 275 65 3
