177 127 3 1
45 136 329 1
44 148 329 1
150 153 169 1
103 168 336 1
48 188 329 1
237 192 208 1
182 195 11 1
200 205 194 1
83 221 145 1
55 222 329 1
158 224 6 1
113 226 152 1
193 235 35 1
163 236 177 1
78 239 328 1
224 242 52 1
57 246 319 1
166 251 24 1
175 271 200 1
221 274 233 1
113 275 326 1
46 279 138 1
164 287 51 1
23 289 316 1
54 293 315 1
141 293 17 1
162 300 200 1
102 309 134 1
203 311 79 1
135 319 134 1
220 324 79 1
139 330 127 1
140 342 121 1
144 325 92 3
