110 34 345 1
167 40 191 1
47 50 138 1
254 55 228 1
163 81 194 1
204 88 215 1
66 91 325 1
82 92 145 1
190 94 42 1
96 101 329 1
229 119 53 1
76 122 131 1
127 122 345 1
219 125 233 1
266 129 232 1
144 144 172 1
76 147 124 1
169 148 55 1
231 157 62 1
140 181 132 1
151 182 56 1
146 190 68 1
244 199 242 1
75 205 101 1
146 206 79 1
255 209 58 1
54 214 107 1
205 234 253 1
61 255 97 1
59 276 70 1
38 296 330 1
93 298 243 1
224 303 225 1
83 305 235 1
35 307 8 1
173 307 231 1
119 309 240 1
99 329 222 1
159 329 222 1
212 330 217 1
81 341 211 1
125 342 221 1
144 185 53 3
