216 12 197 1
177 28 179 1
200 31 24 1
284 35 217 1
81 54 312 1
96 54 132 1
111 56 315 1
257 77 52 1
104 84 122 1
190 84 37 1
167 97 146 1
104 109 115 1
274 113 233 1
184 160 73 1
108 161 94 1
241 162 242 1
91 179 101 1
102 215 90 1
268 225 214 1
220 249 218 1
138 254 238 1
166 261 231 1
128 262 228 1
263 262 200 1
116 268 197 1
209 272 207 1
83 276 349 1
150 285 212 1
173 291 212 1
132 298 200 1
250 298 191 1
65 301 343 1
227 323 187 1
217 344 177 1
102 256 -1 -1 -1 2
179 137 44 3
