118 23 339 1
61 27 340 1
185 49 0 1
90 57 149 1
187 77 180 1
69 92 330 1
185 127 183 1
125 128 342 1
63 144 148 1
228 165 188 1
182 168 188 1
214 176 11 1
105 178 145 1
87 179 325 1
36 180 325 1
117 189 328 1
36 199 146 1
100 206 132 1
233 206 212 1
250 211 243 1
298 216 243 1
100 230 125 1
168 232 170 1
193 235 46 1
238 254 226 1
30 265 302 1
164 268 127 1
178 269 51 1
100 287 101 1
175 292 76 1
76 296 110 1
228 301 68 1
229 321 250 1
57 324 287 1
84 337 83 1
72 338 124 1
171 271 46 3
