82 39 131 1
245 44 204 1
201 46 183 1
234 54 24 1
128 64 136 1
274 65 41 1
110 68 316 1
143 71 328 1
268 75 218 1
62 84 307 1
126 93 125 1
64 104 124 1
221 115 35 1
128 116 118 1
195 116 162 1
211 150 44 1
197 152 127 1
133 173 93 1
203 175 76 1
272 180 243 1
113 186 96 1
126 223 87 1
246 247 224 1
287 251 221 1
304 252 233 1
163 256 233 1
186 264 233 1
126 265 333 1
155 265 226 1
113 268 319 1
303 269 225 1
287 270 212 1
240 279 208 1
110 284 343 1
177 288 212 1
201 294 212 1
161 302 195 1
280 311 198 1
125 312 8 1
259 334 197 1
127 263 -1 -1 -1 2
206 157 44 3
