180 12 203 1
94 35 172 1
147 63 188 1
218 74 211 1
140 75 14 1
107 76 166 1
176 79 39 1
182 89 221 1
203 115 41 1
41 116 124 1
57 122 302 1
144 134 31 1
121 141 141 1
49 146 107 1
225 146 226 1
276 153 212 1
241 154 38 1
289 154 222 1
60 169 100 1
148 170 41 1
130 175 104 1
141 183 90 1
145 183 52 1
150 198 62 1
146 199 73 1
210 201 233 1
272 204 212 1
83 223 82 1
66 242 84 1
253 261 205 1
203 276 215 1
88 280 70 1
282 281 174 1
244 289 200 1
90 297 82 1
128 303 226 1
158 307 222 1
96 309 60 1
204 312 201 1
127 318 212 1
96 324 322 1
115 329 194 1
250 333 179 1
151 335 197 1
177 337 200 1
139 174 40 3
