174 18 183 1
217 20 208 1
206 32 37 1
100 39 134 1
80 47 312 1
113 47 322 1
103 66 122 1
164 84 162 1
190 87 48 1
255 90 56 1
93 96 113 1
176 121 55 1
164 122 124 1
166 122 101 1
270 129 240 1
174 133 66 1
283 136 63 1
167 139 94 1
174 148 73 1
104 151 93 1
85 166 98 1
236 169 246 1
297 206 225 1
108 243 51 1
137 245 236 1
212 245 222 1
249 245 228 1
152 250 238 1
23 251 301 1
124 253 228 1
93 263 323 1
109 266 221 1
203 270 215 1
250 276 217 1
145 277 217 1
165 284 221 1
257 285 20 1
131 293 201 1
241 293 212 1
55 299 319 1
84 299 63 1
79 301 139 1
141 307 24 1
236 308 203 1
213 320 200 1
170 119 44 3
