190 13 207 1
96 17 332 1
59 32 312 1
69 34 131 1
188 36 45 1
222 39 52 1
212 46 225 1
262 51 229 1
72 58 121 1
191 73 225 1
134 78 148 1
230 83 58 1
67 88 113 1
204 96 62 1
170 98 53 1
133 111 120 1
237 117 243 1
257 134 58 1
150 138 76 1
79 145 93 1
65 161 93 1
221 177 58 1
270 195 229 1
71 197 94 1
214 206 238 1
89 209 66 1
249 210 39 1
221 214 253 1
228 214 76 1
220 225 233 1
73 226 86 1
99 226 239 1
233 235 68 1
185 237 226 1
79 240 53 1
100 240 231 1
130 240 236 1
246 244 32 1
219 258 224 1
48 259 319 1
174 260 215 1
122 265 217 1
227 271 215 1
100 284 204 1
38 294 330 1
211 298 207 1
189 320 200 1
140 339 193 1
183 341 183 1
69 253 -1 -1 -1 2
142 113 67 3
