215 16 200 1
66 24 128 1
265 25 217 1
168 34 165 1
178 34 4 1
130 48 325 1
96 49 314 1
109 49 132 1
260 58 49 1
50 68 304 1
114 75 121 1
171 89 146 1
222 90 217 1
49 95 124 1
283 97 235 1
113 99 117 1
182 128 118 1
178 146 96 1
123 158 100 1
201 159 79 1
211 165 69 1
98 170 98 1
212 185 253 1
109 208 90 1
259 213 253 1
226 217 52 1
184 226 248 1
113 231 77 1
247 232 235 1
194 237 49 1
256 238 245 1
110 242 82 1
140 243 243 1
223 243 228 1
140 255 226 1
102 257 336 1
171 257 235 1
92 260 318 1
258 264 232 1
213 274 215 1
90 276 343 1
256 276 224 1
152 278 217 1
176 288 221 1
252 289 218 1
141 297 198 1
107 253 -1 -1 -1 2
180 131 53 3
