242 47 35 1
112 50 145 1
199 66 31 1
242 86 217 1
178 95 20 1
51 103 316 1
224 110 56 1
195 113 200 1
153 121 135 1
278 124 66 1
48 128 131 1
196 142 63 1
38 161 308 1
108 164 302 1
169 164 118 1
174 169 107 1
226 201 93 1
128 206 301 1
98 208 312 1
145 233 319 1
52 236 339 1
161 236 319 1
246 246 246 1
92 259 333 1
181 262 333 1
158 264 340 1
65 266 0 1
244 266 226 1
42 271 11 1
232 272 205 1
112 275 336 1
90 286 3 1
122 288 354 1
68 310 24 1
248 314 201 1
138 317 10 1
120 324 24 1
218 234 -1 -1 -1 2
171 155 85 3
