115 27 354 1
223 28 191 1
148 32 174 1
126 42 148 1
106 45 156 1
229 49 188 1
247 52 212 1
112 58 333 1
254 66 200 1
79 68 136 1
232 68 20 1
100 96 143 1
238 101 31 1
108 120 135 1
201 126 27 1
243 141 214 1
61 155 122 1
183 156 17 1
229 167 53 1
200 173 197 1
160 182 134 1
65 192 302 1
201 198 59 1
177 223 114 1
183 227 101 1
117 230 297 1
48 242 302 1
237 256 84 1
142 260 122 1
95 265 122 1
145 266 297 1
228 280 113 1
113 283 311 1
87 288 304 1
181 296 315 1
229 299 211 1
155 306 315 1
75 312 325 1
209 321 343 1
113 327 315 1
187 328 316 1
79 339 349 1
178 212 84 3
