49 26 146 1
191 35 194 1
60 38 332 1
191 54 17 1
55 72 145 1
243 80 215 1
197 87 31 1
67 107 135 1
154 110 24 1
200 126 214 1
137 140 15 1
186 152 51 1
156 157 197 1
244 161 58 1
114 170 129 1
162 187 62 1
136 210 115 1
141 213 101 1
75 217 295 1
198 243 84 1
102 251 288 1
69 263 305 1
119 280 314 1
134 282 316 1
226 284 235 1
29 298 323 1
225 304 221 1
159 306 326 1
214 310 197 1
134 311 335 1
68 314 323 1
43 325 352 1
91 326 330 1
102 338 347 1
70 340 354 1
196 273 -1 -1 -1 2
139 201 80 3
