170 23 215 1
118 27 28 1
86 49 21 1
132 64 212 1
69 79 10 1
226 81 55 1
117 87 49 1
212 89 233 1
89 95 194 1
174 101 59 1
49 107 127 1
94 121 56 1
71 145 110 1
76 149 96 1
225 158 62 1
205 161 240 1
41 177 110 1
135 177 84 1
41 194 293 1
137 199 86 1
212 201 59 1
75 218 309 1
162 218 238 1
125 219 335 1
55 230 314 1
162 238 221 1
98 243 326 1
153 245 195 1
76 248 330 1
22 252 302 1
25 267 298 1
38 270 328 1
197 271 217 1
39 279 333 1
226 280 219 1
176 287 197 1
46 294 352 1
68 304 0 1
134 210 -1 -1 -1 2
71 136 82 3
