134 20 180 1
170 23 4 1
56 32 155 1
78 65 163 1
145 73 180 1
90 79 349 1
210 88 23 1
211 102 197 1
112 103 357 1
136 134 183 1
185 138 25 1
87 147 346 1
254 155 27 1
137 163 18 1
240 166 208 1
89 181 339 1
114 184 163 1
269 201 32 1
132 205 27 1
87 216 101 1
124 239 84 1
131 240 70 1
203 250 56 1
235 251 203 1
246 268 183 1
291 271 177 1
203 272 307 1
77 278 263 1
113 283 84 1
235 285 148 1
277 298 158 1
120 299 264 1
159 303 287 1
198 307 297 1
75 318 97 1
148 322 285 1
94 324 276 1
174 325 302 1
207 261 -1 -1 -1 2
122 229 56 3
