206 20 186 1
61 28 145 1
74 38 325 1
200 40 6 1
72 69 142 1
214 75 23 1
86 100 135 1
176 102 21 1
221 115 210 1
161 131 15 1
208 142 51 1
179 148 197 1
137 159 134 1
181 174 56 1
92 207 300 1
123 226 117 1
219 232 82 1
70 240 124 1
119 247 298 1
85 251 307 1
61 264 305 1
154 269 319 1
134 272 316 1
43 286 322 1
176 295 329 1
151 298 338 1
237 298 195 1
81 306 332 1
21 309 335 1
58 311 349 1
106 313 332 1
39 322 357 1
119 324 349 1
86 325 357 1
25 331 3 1
217 261 -1 -1 -1 2
160 192 77 3
