226 24 190 1
247 32 39 1
210 50 207 1
284 56 224 1
248 62 208 1
186 81 194 1
75 89 135 1
184 101 28 1
186 113 204 1
233 127 222 1
178 135 201 1
255 140 58 1
229 148 59 1
130 151 131 1
201 152 59 1
179 153 207 1
187 154 82 1
260 164 58 1
162 168 174 1
157 172 90 1
227 175 239 1
185 184 87 1
246 188 65 1
264 191 242 1
159 195 283 1
89 197 300 1
140 197 107 1
167 204 104 1
265 222 28 1
207 227 90 1
197 228 108 1
26 232 307 1
69 234 127 1
85 240 307 1
60 256 307 1
212 256 73 1
158 260 315 1
133 262 314 1
204 272 146 1
247 274 212 1
163 276 143 1
176 276 315 1
125 310 343 1
186 339 180 1
141 344 4 1
153 168 77 3
