234 35 191 1
195 48 163 1
170 120 335 1
222 122 28 1
120 126 141 1
182 127 148 1
236 147 214 1
269 149 242 1
137 160 307 1
244 160 73 1
93 162 311 1
74 173 302 1
136 196 307 1
196 206 128 1
205 211 86 1
199 212 121 1
74 223 315 1
197 228 114 1
234 231 90 1
62 242 305 1
79 265 316 1
228 265 121 1
91 274 143 1
191 276 307 1
98 279 316 1
204 288 315 1
212 298 357 1
110 299 113 1
126 299 314 1
139 309 323 1
97 311 115 1
119 314 316 1
161 317 332 1
109 318 297 1
198 207 85 3
