253 43 228 1
90 50 169 1
202 80 221 1
273 105 39 1
127 129 17 1
74 131 333 1
89 138 146 1
175 140 224 1
211 144 70 1
145 151 203 1
218 164 242 1
242 164 49 1
45 165 302 1
157 165 62 1
56 205 301 1
130 205 191 1
124 215 73 1
120 217 114 1
157 224 79 1
121 227 104 1
116 282 307 1
144 289 311 1
219 293 221 1
174 294 212 1
184 295 212 1
42 302 316 1
79 305 315 1
203 313 210 1
101 318 322 1
37 327 333 1
232 336 197 1
202 341 190 1
106 342 338 1
72 344 333 1
159 285 -1 -1 -1 2
122 218 76 3
