106 44 20 1
268 48 235 1
249 49 55 1
54 52 325 1
67 57 138 1
157 63 232 1
125 68 207 1
191 70 68 1
137 85 66 1
276 87 235 1
197 94 250 1
219 99 62 1
234 118 233 1
38 136 293 1
95 137 121 1
104 138 93 1
104 148 84 1
137 151 77 1
100 157 98 1
280 169 243 1
140 190 98 1
246 196 239 1
143 208 91 1
103 210 300 1
158 232 212 1
169 235 218 1
202 237 228 1
65 246 302 1
257 247 224 1
29 250 302 1
88 257 316 1
189 258 217 1
247 276 34 1
43 285 315 1
62 289 326 1
217 291 212 1
99 137 81 3
