143 41 204 1
210 43 37 1
92 49 352 1
121 63 186 1
135 71 42 1
48 73 305 1
64 75 122 1
265 121 217 1
40 123 277 1
165 134 63 1
119 135 101 1
130 148 82 1
63 153 276 1
287 165 204 1
171 167 84 1
182 177 49 1
233 179 208 1
287 197 28 1
149 199 287 1
229 205 195 1
193 210 110 1
260 223 191 1
196 226 338 1
236 233 170 1
297 236 191 1
117 246 293 1
143 251 302 1
82 255 297 1
195 261 114 1
220 266 321 1
156 272 316 1
195 275 294 1
177 276 138 1
88 280 305 1
124 281 314 1
126 294 325 1
71 304 322 1
232 317 152 1
209 330 329 1
185 193 -1 -1 -1 2
125 133 67 3
