88 10 152 1
202 39 224 1
276 72 45 1
123 76 14 1
74 86 323 1
90 89 139 1
177 98 235 1
149 101 207 1
212 105 68 1
158 116 66 1
219 128 246 1
49 133 295 1
247 136 52 1
35 153 284 1
125 162 163 1
57 173 293 1
121 178 114 1
127 180 84 1
160 183 77 1
123 188 101 1
158 225 96 1
277 227 233 1
152 238 114 1
166 241 70 1
130 244 298 1
158 259 110 1
135 261 134 1
34 266 298 1
224 269 225 1
46 272 307 1
138 276 128 1
23 278 287 1
81 280 308 1
105 290 319 1
210 290 217 1
272 298 17 1
44 305 322 1
102 313 146 1
78 319 329 1
240 319 207 1
209 321 197 1
72 335 338 1
121 168 83 3
