48 53 156 1
90 74 176 1
258 81 222 1
270 117 225 1
212 118 44 1
87 120 11 1
173 125 52 1
140 131 222 1
42 133 328 1
46 137 128 1
111 141 200 1
183 148 243 1
95 152 174 1
215 152 44 1
76 154 354 1
219 176 55 1
128 182 62 1
58 185 115 1
61 190 314 1
203 193 235 1
59 201 113 1
96 203 70 1
86 209 113 1
232 211 53 1
29 213 293 1
96 216 80 1
135 217 68 1
89 219 101 1
267 219 250 1
212 230 49 1
201 233 243 1
22 249 290 1
68 275 301 1
249 310 14 1
72 317 297 1
192 330 186 1
224 330 177 1
81 336 316 1
88 198 79 3
