161 29 121 1
198 33 146 1
233 44 217 1
110 47 117 1
210 58 48 1
133 60 104 1
173 69 87 1
91 70 113 1
197 72 73 1
106 92 101 1
151 118 80 1
106 125 93 1
76 148 104 1
106 164 83 1
92 172 90 1
241 173 53 1
138 181 68 1
233 181 45 1
246 187 226 1
255 205 219 1
80 211 87 1
149 217 239 1
240 228 210 1
158 230 32 1
195 233 217 1
107 234 246 1
181 243 214 1
98 245 219 1
166 247 214 1
147 250 211 1
136 253 200 1
252 256 197 1
214 267 188 1
184 294 184 1
216 296 183 1
156 301 180 1
206 56 40 3
