156 91 174 1
231 93 211 1
66 96 318 1
176 96 20 1
100 108 340 1
90 112 146 1
177 114 183 1
141 117 357 1
189 117 37 1
162 125 11 1
48 130 323 1
189 130 201 1
152 133 174 1
203 133 45 1
173 145 186 1
230 148 28 1
41 149 311 1
189 151 203 1
250 152 191 1
175 155 183 1
99 159 134 1
39 164 301 1
50 174 134 1
132 176 128 1
240 177 66 1
37 180 305 1
266 181 239 1
169 182 152 1
241 188 242 1
78 192 118 1
199 193 215 1
35 200 291 1
101 202 107 1
179 208 58 1
35 213 290 1
141 217 93 1
164 222 79 1
70 231 103 1
72 250 276 1
71 261 101 1
115 265 86 1
97 268 260 1
65 270 96 1
71 324 84 1
58 332 84 1
202 333 59 1
192 339 49 1
110 345 245 1
204 346 233 1
172 203 46 3
