72 25 298 1
180 25 179 1
271 32 233 1
111 33 117 1
96 38 297 1
132 38 110 1
260 52 235 1
118 63 290 1
169 68 117 1
189 70 165 1
160 73 319 1
170 78 345 1
179 79 53 1
140 83 104 1
109 88 113 1
181 93 59 1
174 96 72 1
150 97 84 1
140 115 73 1
107 129 290 1
135 131 66 1
157 136 248 1
177 146 239 1
151 149 240 1
131 155 79 1
109 166 301 1
157 167 204 1
248 167 221 1
115 171 335 1
176 175 218 1
225 180 225 1
218 190 215 1
99 191 332 1
134 204 169 1
192 205 201 1
228 217 200 1
91 225 347 1
150 250 183 1
230 251 177 1
122 265 0 1
185 279 184 1
132 154 -1 -1 -1 2
181 76 35 3
