191 27 204 1
105 30 136 1
58 33 118 1
206 44 46 1
211 59 218 1
44 67 295 1
62 77 117 1
251 85 224 1
162 90 173 1
240 103 225 1
91 107 110 1
114 111 107 1
78 119 291 1
159 135 115 1
102 138 284 1
144 142 309 1
156 145 322 1
127 154 96 1
97 160 104 1
269 163 30 1
143 170 73 1
131 184 69 1
272 188 211 1
128 202 60 1
99 204 284 1
156 206 239 1
172 211 232 1
146 217 235 1
249 224 208 1
127 227 319 1
281 228 197 1
155 236 200 1
225 239 215 1
106 242 297 1
177 243 212 1
119 245 349 1
219 251 207 1
274 252 183 1
195 269 193 1
237 280 187 1
237 310 172 1
128 225 -1 -1 -1 2
166 143 29 3
