147 32 195 1
223 40 207 1
193 44 204 1
195 52 23 1
150 61 183 1
88 64 160 1
178 74 25 1
81 76 152 1
126 77 3 1
215 79 204 1
103 84 167 1
58 93 326 1
61 117 136 1
110 125 152 1
195 136 204 1
40 142 314 1
210 149 32 1
214 163 208 1
149 192 172 1
82 194 125 1
66 201 307 1
103 204 114 1
243 206 14 1
244 222 27 1
158 240 174 1
112 242 104 1
130 242 325 1
121 260 82 1
112 275 77 1
75 284 294 1
105 290 63 1
131 301 243 1
121 308 243 1
152 310 235 1
101 313 330 1
91 326 6 1
131 328 207 1
146 257 35 3
