130 20 145 1
215 31 215 1
230 54 55 1
232 70 233 1
71 74 117 1
174 83 183 1
99 97 117 1
121 99 110 1
85 107 297 1
269 110 239 1
168 128 24 1
105 129 290 1
260 131 239 1
129 133 105 1
187 148 221 1
168 151 58 1
97 152 113 1
140 153 90 1
164 157 75 1
129 174 82 1
121 192 70 1
278 193 58 1
93 197 290 1
152 201 242 1
117 204 101 1
166 208 242 1
137 210 242 1
269 214 233 1
113 224 315 1
146 231 204 1
94 236 301 1
244 238 222 1
107 239 346 1
166 240 221 1
216 246 225 1
269 252 221 1
208 255 217 1
87 261 325 1
181 269 201 1
258 271 203 1
221 289 198 1
137 318 177 1
218 321 186 1
120 217 -1 -1 -1 2
170 137 35 3
