94 12 354 1
140 35 194 1
164 50 32 1
214 50 212 1
58 61 117 1
172 64 208 1
220 84 214 1
126 104 148 1
224 115 215 1
86 135 90 1
65 138 96 1
146 145 124 1
53 148 276 1
132 148 101 1
124 158 300 1
136 160 325 1
81 161 270 1
150 170 38 1
144 173 55 1
109 177 84 1
127 186 59 1
152 193 53 1
83 195 93 1
156 204 238 1
119 205 53 1
245 220 197 1
150 221 225 1
164 221 222 1
121 225 41 1
95 230 267 1
142 240 218 1
226 240 203 1
154 250 186 1
218 251 200 1
122 252 305 1
177 252 200 1
121 268 332 1
107 270 287 1
201 273 181 1
238 273 177 1
177 333 160 1
126 245 -1 -1 -1 2
146 155 23 3
