190 16 23 1
139 43 148 1
223 58 215 1
90 77 127 1
235 78 52 1
238 95 232 1
71 98 307 1
181 113 183 1
101 116 121 1
95 117 305 1
131 125 117 1
276 125 232 1
115 145 298 1
268 152 235 1
105 167 117 1
187 168 59 1
135 170 110 1
175 181 62 1
145 182 89 1
169 188 70 1
134 195 86 1
97 214 294 1
126 214 73 1
57 221 302 1
149 225 253 1
270 228 226 1
141 235 246 1
170 238 243 1
114 244 330 1
129 244 208 1
99 247 307 1
109 255 0 1
241 259 222 1
166 265 224 1
86 272 338 1
218 272 224 1
205 279 217 1
120 289 179 1
182 295 203 1
215 307 200 1
129 335 186 1
214 343 183 1
121 238 -1 -1 -1 2
176 171 35 3
