202 18 42 1
176 35 198 1
218 45 219 1
155 50 188 1
163 58 32 1
184 85 215 1
207 109 51 1
153 151 169 1
246 155 233 1
188 157 49 1
175 174 66 1
236 174 233 1
176 184 239 1
161 188 58 1
180 191 55 1
155 198 62 1
177 216 235 1
123 233 72 1
86 235 103 1
265 237 31 1
112 242 80 1
95 253 117 1
136 253 249 1
110 254 89 1
257 259 222 1
129 270 240 1
110 280 326 1
163 284 232 1
89 291 298 1
233 292 218 1
102 295 357 1
139 299 210 1
264 301 207 1
160 303 221 1
209 305 222 1
202 315 211 1
253 324 191 1
178 332 201 1
221 349 193 1
112 277 -1 -1 -1 2
