151 27 138 1
193 39 212 1
171 46 163 1
106 63 98 1
183 66 174 1
170 75 104 1
132 76 283 1
188 82 59 1
123 83 93 1
179 86 70 1
248 106 242 1
81 111 98 1
147 129 82 1
105 157 83 1
81 159 97 1
190 175 52 1
160 181 65 1
82 184 90 1
143 185 66 1
247 191 232 1
207 197 232 1
186 198 49 1
103 206 256 1
166 207 248 1
102 215 68 1
261 217 218 1
251 226 211 1
74 230 73 1
248 230 31 1
247 234 211 1
100 235 62 1
211 242 219 1
101 246 249 1
116 248 231 1
161 251 229 1
187 256 221 1
106 259 217 1
137 261 221 1
234 264 198 1
192 274 198 1
106 277 198 1
199 294 184 1
177 75 49 3
