104 87 139 1
170 88 152 1
257 92 35 1
286 98 217 1
216 140 166 1
105 142 132 1
158 154 122 1
226 166 183 1
250 167 229 1
168 179 118 1
176 181 307 1
113 187 118 1
81 188 131 1
230 190 198 1
212 195 118 1
228 206 77 1
222 207 90 1
172 229 104 1
89 234 118 1
117 241 110 1
275 253 267 1
89 257 110 1
147 280 93 1
164 285 87 1
90 288 91 1
101 291 277 1
59 292 103 1
194 293 76 1
162 310 270 1
180 316 73 1
203 322 250 1
82 324 262 1
242 333 250 1
97 334 252 1
220 195 67 3
