87 17 328 1
223 46 201 1
222 74 198 1
187 80 17 1
104 108 131 1
104 128 316 1
163 139 145 1
198 155 200 1
191 160 181 1
114 173 107 1
142 175 305 1
63 181 110 1
138 181 98 1
192 182 166 1
177 197 93 1
184 197 82 1
198 197 55 1
191 199 66 1
250 204 233 1
244 215 52 1
265 216 232 1
87 225 98 1
58 233 107 1
155 240 82 1
112 271 86 1
83 277 98 1
202 283 51 1
150 294 69 1
170 297 65 1
91 300 87 1
264 301 225 1
219 307 228 1
197 314 46 1
114 321 252 1
102 326 63 1
225 352 212 1
185 191 49 3
