156 14 356 1
145 28 346 1
191 35 59 1
160 41 38 1
221 47 65 1
247 48 63 1
150 59 110 1
196 76 87 1
73 85 101 1
95 86 90 1
238 95 76 1
118 97 48 1
150 101 148 1
174 106 120 1
231 109 87 1
104 113 66 1
85 118 84 1
193 119 107 1
94 124 73 1
202 134 104 1
146 138 159 1
171 138 127 1
77 139 82 1
219 146 98 1
179 151 121 1
114 161 17 1
212 182 117 1
134 185 188 1
255 201 80 1
255 202 80 1
95 209 228 1
75 212 44 1
140 229 346 1
251 230 131 1
213 236 316 1
107 241 11 1
191 251 338 1
231 253 323 1
142 265 176 1
158 51 71 3
132 103 213 3
