114 19 336 1
262 22 203 1
83 40 143 1
186 53 6 1
171 88 6 1
163 104 163 1
202 104 198 1
179 120 17 1
86 121 124 1
232 122 37 1
153 129 353 1
278 133 45 1
148 139 352 1
192 146 51 1
163 152 37 1
246 154 52 1
66 161 107 1
162 161 69 1
224 161 62 1
154 164 111 1
158 165 93 1
198 188 90 1
76 193 98 1
101 194 83 1
268 200 66 1
248 203 70 1
122 206 42 1
158 207 143 1
181 208 111 1
240 215 82 1
199 217 100 1
92 224 82 1
110 224 60 1
155 229 155 1
130 233 6 1
100 234 68 1
212 235 101 1
179 244 124 1
155 245 155 1
266 247 76 1
231 248 93 1
83 249 76 1
194 255 118 1
123 269 17 1
227 284 113 1
274 284 86 1
143 290 194 1
122 294 11 1
111 319 218 1
179 333 160 1
153 335 347 1
201 337 153 1
231 339 315 1
159 161 83 3
139 200 207 3
