110 88 329 1
188 109 0 1
84 111 138 1
176 144 3 1
207 153 188 1
169 159 160 1
239 173 32 1
188 174 14 1
90 181 122 1
165 182 357 1
152 196 343 1
202 200 49 1
172 205 37 1
258 206 38 1
269 209 211 1
232 210 59 1
69 225 110 1
210 234 84 1
159 236 136 1
149 242 301 1
258 251 73 1
100 253 84 1
78 255 100 1
250 263 84 1
161 264 152 1
125 265 38 1
187 266 120 1
208 272 105 1
111 275 60 1
93 281 79 1
159 282 155 1
221 284 101 1
100 286 66 1
135 287 0 1
240 295 96 1
160 297 156 1
187 300 127 1
84 305 76 1
196 307 121 1
124 320 20 1
165 216 87 3
141 253 212 3
