218 54 38 1
93 73 148 1
189 79 38 1
175 85 191 1
210 101 224 1
158 102 31 1
181 107 48 1
138 113 8 1
151 126 62 1
146 137 100 1
180 138 76 1
50 139 122 1
228 141 70 1
69 148 110 1
89 159 69 1
202 168 90 1
71 172 90 1
119 174 163 1
171 174 113 1
48 175 101 1
261 176 76 1
223 179 79 1
53 182 94 1
84 189 24 1
138 189 138 1
106 199 191 1
151 207 127 1
101 212 174 1
63 220 34 1
202 221 98 1
125 224 153 1
256 224 75 1
190 227 113 1
156 228 125 1
220 228 93 1
131 237 145 1
51 245 28 1
71 246 218 1
166 250 118 1
197 271 107 1
143 285 142 1
56 295 13 1
84 311 188 1
181 313 120 1
72 319 1 1
100 322 177 1
86 332 353 1
125 339 339 1
92 343 6 1
141 134 103 3
104 162 227 3
