152 11 8 1
158 72 11 1
140 109 8 1
133 117 160 1
169 121 195 1
150 138 20 1
205 145 44 1
123 147 350 1
55 148 121 1
115 161 343 1
249 163 49 1
162 165 52 1
129 172 27 1
218 180 56 1
194 181 63 1
126 190 97 1
170 203 82 1
73 225 83 1
218 227 70 1
238 228 68 1
129 231 135 1
93 232 46 1
150 237 114 1
211 240 84 1
168 242 98 1
82 252 58 1
63 259 79 1
182 259 98 1
69 264 65 1
151 266 117 1
127 271 153 1
201 271 93 1
236 276 79 1
59 279 73 1
163 281 115 1
96 297 11 1
196 315 115 1
118 319 177 1
243 319 86 1
96 324 7 1
128 181 76 3
108 241 215 3
