171 33 11 1
136 75 163 1
181 82 198 1
166 100 28 1
135 104 0 1
214 108 45 1
123 114 357 1
137 128 37 1
178 130 62 1
136 138 69 1
131 141 93 1
225 143 56 1
196 145 63 1
123 158 113 1
176 167 87 1
73 182 87 1
95 184 46 1
130 187 145 1
154 188 113 1
226 188 76 1
242 191 68 1
173 197 103 1
221 201 82 1
88 207 58 1
104 216 357 1
127 216 163 1
186 216 101 1
69 218 63 1
65 221 79 1
154 230 125 1
127 231 156 1
204 233 93 1
60 235 77 1
162 238 117 1
240 243 82 1
94 251 20 1
116 273 188 1
198 276 118 1
93 278 17 1
245 282 89 1
95 317 203 1
153 321 155 1
123 325 345 1
172 329 153 1
210 332 311 1
146 339 333 1
178 340 318 1
97 342 0 1
134 140 84 3
105 220 175 3
