129 32 6 1
156 32 44 1
113 49 339 1
129 61 51 1
194 68 70 1
115 71 97 1
210 73 70 1
128 74 83 1
177 74 76 1
75 89 91 1
111 93 273 1
125 99 278 1
97 109 66 1
218 112 257 1
179 115 94 1
124 116 293 1
242 118 73 1
90 123 68 1
163 125 113 1
208 138 87 1
107 144 32 1
83 151 63 1
136 152 176 1
179 153 108 1
153 166 141 1
249 166 76 1
80 171 63 1
112 179 20 1
248 197 84 1
149 201 160 1
175 201 129 1
200 210 118 1
100 227 27 1
114 240 212 1
162 256 338 1
117 263 13 1
207 263 311 1
158 264 356 1
228 265 308 1
212 280 343 1
197 298 357 1
125 66 68 3
122 115 192 3
