142 85 160 1
191 90 42 1
137 110 357 1
162 111 45 1
122 125 340 1
138 137 53 1
131 145 96 1
125 151 98 1
204 151 79 1
184 157 83 1
213 164 253 1
81 167 97 1
118 172 273 1
102 185 73 1
149 190 128 1
130 195 293 1
182 196 100 1
125 198 250 1
94 202 76 1
166 203 113 1
299 206 253 1
293 207 248 1
287 212 233 1
112 221 24 1
305 224 84 1
83 229 70 1
132 230 204 1
173 237 110 1
147 247 152 1
78 250 68 1
110 258 23 1
145 287 172 1
92 289 236 1
114 290 13 1
134 142 71 3
133 210 208 3
