209 12 194 1
207 15 24 1
103 37 322 1
240 38 215 1
224 47 39 1
194 55 28 1
162 64 156 1
72 65 118 1
76 83 298 1
187 90 45 1
159 91 0 1
142 108 336 1
160 119 53 1
222 126 73 1
147 127 108 1
153 127 98 1
238 132 73 1
206 133 79 1
102 143 96 1
139 150 278 1
122 161 70 1
246 165 259 1
80 173 93 1
205 174 100 1
268 176 76 1
115 177 70 1
189 183 114 1
232 195 90 1
131 200 34 1
106 205 68 1
164 207 169 1
198 213 113 1
173 222 152 1
102 225 66 1
78 230 79 1
134 234 23 1
197 258 129 1
170 259 166 1
220 267 118 1
117 281 31 1
132 297 215 1
117 306 212 1
179 315 338 1
128 318 18 1
105 319 200 1
169 322 3 1
156 125 72 3
148 169 196 3
