117 23 339 1
222 76 214 1
85 77 323 1
210 86 42 1
179 90 32 1
146 98 155 1
53 106 121 1
145 121 8 1
57 123 301 1
174 123 52 1
129 137 342 1
144 150 53 1
137 158 104 1
205 161 75 1
130 163 101 1
221 169 76 1
190 171 86 1
83 178 100 1
122 182 278 1
136 185 284 1
106 186 82 1
230 204 256 1
94 208 76 1
136 210 315 1
58 211 93 1
186 211 98 1
254 214 82 1
169 216 114 1
109 232 37 1
216 233 87 1
84 239 68 1
141 242 174 1
179 249 110 1
157 258 142 1
81 263 63 1
112 268 24 1
141 154 74 3
128 205 198 3
