215 30 13 1
264 95 222 1
259 97 55 1
196 117 191 1
225 120 59 1
257 132 65 1
277 132 243 1
179 137 38 1
160 145 11 1
204 151 73 1
167 165 80 1
109 166 113 1
159 180 118 1
123 188 98 1
139 188 295 1
202 201 107 1
220 202 100 1
106 204 93 1
229 213 96 1
157 217 155 1
142 220 332 1
112 231 59 1
186 238 120 1
167 240 136 1
228 244 276 1
129 248 229 1
246 262 100 1
103 264 46 1
205 267 113 1
145 270 158 1
166 271 131 1
96 299 34 1
122 306 203 1
153 311 149 1
170 326 141 1
161 165 83 3
140 210 208 3
