149 23 342 1
252 77 218 1
116 80 318 1
242 86 48 1
212 89 37 1
175 95 149 1
87 113 115 1
178 118 8 1
205 120 48 1
161 135 339 1
93 137 290 1
179 147 56 1
172 155 96 1
163 161 96 1
240 170 76 1
224 171 84 1
255 174 76 1
159 180 281 1
123 183 96 1
174 185 278 1
167 197 269 1
143 198 73 1
173 204 290 1
262 207 259 1
223 212 97 1
136 218 70 1
101 220 93 1
208 220 110 1
285 223 75 1
152 238 37 1
251 240 90 1
127 247 68 1
182 248 179 1
222 252 105 1
197 263 139 1
124 270 66 1
155 276 23 1
102 281 76 1
218 301 127 1
191 302 163 1
242 314 121 1
184 324 180 1
190 334 323 1
175 152 69 3
173 214 204 3
