225 22 210 1
202 36 37 1
207 69 212 1
70 71 319 1
194 79 41 1
166 85 32 1
129 94 149 1
199 96 53 1
191 99 217 1
152 119 38 1
130 120 357 1
47 125 293 1
115 139 333 1
134 149 53 1
127 159 93 1
195 159 73 1
120 160 100 1
178 163 77 1
210 165 73 1
114 183 276 1
79 184 90 1
98 197 73 1
219 197 256 1
121 199 274 1
179 205 96 1
127 211 290 1
55 212 90 1
118 214 248 1
92 218 70 1
163 218 110 1
129 220 297 1
207 229 87 1
108 239 30 1
83 246 66 1
136 246 177 1
174 248 107 1
155 256 132 1
79 266 66 1
55 272 76 1
111 274 20 1
176 293 125 1
149 297 160 1
198 306 118 1
144 321 170 1
97 324 27 1
150 326 319 1
117 345 205 1
98 351 211 1
130 153 71 3
128 221 207 3
