132 53 339 1
243 105 215 1
113 107 115 1
202 111 188 1
233 115 46 1
110 120 302 1
191 121 20 1
169 130 153 1
238 131 52 1
222 133 211 1
143 141 329 1
236 141 56 1
131 143 122 1
74 145 113 1
167 156 357 1
194 157 45 1
83 166 291 1
150 177 326 1
172 185 52 1
231 196 76 1
165 197 96 1
215 202 80 1
244 214 79 1
113 218 97 1
137 228 79 1
254 238 259 1
154 241 257 1
164 241 294 1
210 250 98 1
126 251 76 1
89 255 93 1
197 257 110 1
236 265 83 1
141 274 37 1
116 283 68 1
172 284 177 1
207 289 110 1
186 300 139 1
112 307 66 1
88 314 79 1
141 314 30 1
207 334 124 1
181 337 160 1
171 188 74 3
162 252 209 3
