112 12 127 1
222 14 63 1
176 19 145 1
187 37 66 1
181 38 115 1
186 45 76 1
242 48 255 1
130 50 113 1
152 60 96 1
233 72 90 1
153 73 75 1
199 74 259 1
219 74 91 1
139 75 93 1
185 80 256 1
246 87 89 1
74 92 113 1
206 99 115 1
182 101 250 1
122 104 82 1
100 114 90 1
210 116 111 1
173 126 235 1
150 137 242 1
147 141 37 1
93 155 70 1
180 162 174 1
215 165 127 1
263 186 287 1
234 193 122 1
220 200 302 1
101 201 238 1
145 206 200 1
178 210 160 1
110 219 214 1
225 224 307 1
133 225 4 1
88 227 208 1
135 235 188 1
93 259 190 1
166 261 343 1
219 262 160 1
197 286 343 1
127 313 174 1
147 319 3 1
185 35 57 3
182 105 171 3
