47 31 273 1
229 43 143 1
203 44 128 1
104 45 152 1
68 52 312 1
70 62 150 1
67 77 117 1
87 79 122 1
46 87 294 1
88 89 308 1
47 108 294 1
43 123 304 1
75 123 315 1
191 124 24 1
232 133 211 1
59 134 122 1
172 147 166 1
37 153 281 1
42 161 107 1
152 162 136 1
196 165 191 1
224 173 62 1
178 176 143 1
53 180 308 1
91 185 114 1
68 188 127 1
256 194 256 1
184 197 114 1
190 198 63 1
244 204 252 1
185 206 79 1
189 206 73 1
136 208 113 1
34 214 294 1
182 218 79 1
155 221 89 1
237 234 87 1
166 235 75 1
28 236 284 1
223 236 89 1
144 237 89 1
204 239 262 1
190 241 253 1
195 254 262 1
208 261 114 1
183 266 242 1
129 267 82 1
189 267 271 1
181 273 235 1
176 276 352 1
217 277 110 1
178 287 238 1
159 299 238 1
155 303 37 1
189 323 172 1
213 341 139 1
188 195 53 3
189 272 171 3
