161 43 183 1
247 53 28 1
151 61 3 1
163 72 183 1
172 102 177 1
140 114 158 1
190 117 24 1
259 118 53 1
131 127 338 1
235 127 217 1
167 139 166 1
247 150 66 1
150 153 142 1
65 159 134 1
114 161 128 1
195 163 198 1
222 168 66 1
179 170 149 1
86 172 127 1
182 189 118 1
186 190 62 1
239 197 255 1
263 198 75 1
130 200 113 1
178 206 84 1
152 214 98 1
231 227 90 1
139 228 93 1
183 228 262 1
198 228 262 1
218 231 96 1
159 233 73 1
244 239 89 1
73 241 113 1
181 251 248 1
205 252 114 1
121 254 82 1
99 264 90 1
277 267 86 1
170 269 346 1
209 271 114 1
172 279 236 1
90 303 72 1
178 315 177 1
213 318 128 1
231 342 131 1
219 350 311 1
183 186 58 3
182 260 173 3
