124 83 188 1
171 91 200 1
195 114 24 1
105 116 165 1
94 136 349 1
110 144 169 1
121 175 163 1
215 179 45 1
137 187 8 1
191 191 211 1
93 196 145 1
86 212 323 1
207 212 55 1
121 215 148 1
261 220 53 1
153 233 188 1
184 234 55 1
107 235 124 1
141 244 139 1
77 249 117 1
233 255 60 1
210 264 242 1
52 268 117 1
149 274 73 1
154 275 66 1
206 283 72 1
147 284 68 1
100 289 98 1
122 292 84 1
193 297 77 1
172 299 248 1
222 300 73 1
133 302 66 1
156 303 249 1
114 320 75 1
186 320 101 1
274 332 76 1
156 337 236 1
163 337 264 1
194 338 97 1
148 263 46 3
