195 16 66 1
141 34 96 1
247 34 76 1
164 39 83 1
199 44 250 1
214 44 248 1
235 45 80 1
264 49 73 1
175 56 63 1
203 60 240 1
156 63 79 1
223 69 104 1
202 73 235 1
235 84 100 1
250 86 83 1
100 89 98 1
146 92 68 1
189 93 13 1
127 102 79 1
206 105 197 1
180 119 229 1
176 122 24 1
252 129 113 1
214 135 163 1
135 149 59 1
99 155 101 1
263 162 294 1
96 169 128 1
104 169 84 1
144 184 232 1
190 184 181 1
280 185 290 1
296 185 117 1
120 186 39 1
94 187 132 1
217 191 156 1
113 195 52 1
100 196 118 1
44 201 302 1
271 202 152 1
154 204 205 1
251 208 318 1
59 216 307 1
139 219 203 1
24 227 290 1
223 235 332 1
33 250 90 1
37 262 278 1
32 341 259 1
202 83 166 3
