107 50 333 1
123 57 153 1
231 65 28 1
140 84 149 1
206 85 194 1
163 95 0 1
231 100 42 1
113 114 125 1
149 123 136 1
113 129 308 1
186 135 180 1
218 135 46 1
140 145 114 1
176 147 129 1
245 150 229 1
114 166 101 1
247 175 59 1
188 176 73 1
195 177 53 1
267 183 58 1
240 185 68 1
217 196 238 1
144 200 84 1
169 210 59 1
210 213 228 1
182 215 48 1
232 217 90 1
212 225 222 1
292 225 248 1
168 226 59 1
262 227 73 1
268 231 246 1
246 232 90 1
211 241 224 1
284 243 253 1
220 245 267 1
222 249 194 1
164 258 52 1
236 276 160 1
209 277 211 1
199 279 11 1
24 328 70 1
185 161 36 3
225 263 203 3
