137 41 174 1
156 60 25 1
231 61 55 1
105 63 150 1
195 65 212 1
131 80 163 1
218 94 62 1
158 98 188 1
72 103 121 1
110 103 128 1
190 110 60 1
146 112 152 1
152 132 62 1
145 139 93 1
208 141 248 1
239 141 69 1
96 146 101 1
154 146 73 1
119 156 91 1
206 163 79 1
168 170 256 1
151 172 253 1
195 176 90 1
128 177 70 1
105 179 84 1
220 184 77 1
95 206 79 1
157 210 270 1
75 217 84 1
181 218 113 1
152 233 215 1
126 240 235 1
123 244 28 1
197 260 121 1
160 261 169 1
191 263 287 1
89 268 63 1
184 270 138 1
219 288 284 1
74 294 242 1
205 296 127 1
90 298 53 1
128 312 194 1
149 122 44 3
157 221 199 3
