144 33 172 1
113 49 148 1
164 51 17 1
216 56 214 1
104 65 329 1
143 72 160 1
231 80 58 1
124 93 127 1
172 94 194 1
204 97 58 1
91 101 117 1
159 102 146 1
57 121 113 1
161 123 107 1
166 123 51 1
229 130 248 1
163 134 70 1
169 135 66 1
112 140 101 1
162 143 76 1
47 144 294 1
135 145 87 1
226 154 79 1
209 158 80 1
187 162 253 1
147 163 65 1
125 170 79 1
196 185 110 1
244 189 83 1
66 193 104 1
222 197 84 1
113 198 73 1
232 198 267 1
234 198 260 1
176 205 293 1
203 205 107 1
93 209 82 1
176 221 205 1
148 230 232 1
143 232 32 1
183 250 166 1
101 258 63 1
64 259 73 1
225 263 287 1
204 273 291 1
234 273 287 1
218 279 128 1
72 294 236 1
154 297 188 1
244 297 302 1
187 300 155 1
108 312 207 1
147 320 354 1
92 322 207 1
225 322 328 1
105 331 1 1
155 332 177 1
220 336 166 1
235 338 169 1
163 117 46 3
179 215 205 3
