212 17 70 1
201 19 82 1
209 35 66 1
169 68 79 1
225 76 246 1
208 79 63 1
143 86 87 1
246 86 245 1
284 94 228 1
219 105 242 1
124 119 110 1
254 121 226 1
225 122 44 1
131 134 107 1
270 143 203 1
254 155 208 1
208 161 218 1
238 165 203 1
132 167 90 1
250 172 186 1
155 174 229 1
236 185 6 1
256 187 186 1
217 188 198 1
142 194 188 1
199 194 203 1
163 195 204 1
232 196 0 1
182 197 208 1
34 213 294 1
245 220 179 1
204 228 170 1
174 230 3 1
28 233 287 1
180 243 183 1
194 255 352 1
201 271 166 1
