148 47 180 1
94 59 335 1
222 68 53 1
165 82 194 1
203 84 224 1
133 85 162 1
150 85 20 1
86 100 121 1
101 101 326 1
244 105 238 1
180 117 217 1
242 122 66 1
79 129 300 1
206 151 66 1
98 158 101 1
173 161 218 1
153 167 141 1
234 169 245 1
164 191 65 1
211 194 246 1
82 195 98 1
112 203 86 1
138 203 278 1
184 208 65 1
264 208 58 1
98 217 96 1
163 218 72 1
261 227 238 1
166 243 66 1
157 247 68 1
74 261 104 1
125 267 83 1
270 274 224 1
178 277 246 1
96 285 90 1
238 289 233 1
200 291 245 1
175 336 246 1
210 337 221 1
251 339 197 1
217 351 208 1
154 176 40 3
