168 82 205 1
166 108 31 1
117 148 174 1
245 159 225 1
217 160 222 1
195 164 44 1
69 166 329 1
245 174 226 1
177 175 211 1
138 183 183 1
103 190 148 1
253 192 87 1
130 193 17 1
234 195 238 1
221 197 229 1
70 208 121 1
79 211 319 1
160 216 211 1
232 218 259 1
241 233 264 1
59 239 298 1
258 241 273 1
190 247 59 1
243 247 238 1
158 260 211 1
225 266 239 1
266 266 246 1
82 268 96 1
138 268 129 1
199 274 242 1
201 278 62 1
158 284 208 1
266 290 235 1
243 292 49 1
143 293 97 1
153 294 62 1
201 294 239 1
150 305 84 1
172 306 60 1
127 314 270 1
105 316 84 1
157 322 66 1
261 328 248 1
253 335 238 1
142 280 73 3
