219 38 59 1
269 39 242 1
186 51 212 1
248 53 242 1
166 59 128 1
279 59 246 1
111 66 93 1
173 68 115 1
184 71 205 1
228 79 238 1
177 87 93 1
203 98 59 1
155 101 273 1
130 106 80 1
187 112 63 1
281 112 235 1
187 134 59 1
183 141 62 1
148 166 73 1
204 169 242 1
263 173 232 1
189 175 63 1
223 181 243 1
199 195 243 1
44 201 304 1
252 201 37 1
291 201 217 1
207 204 79 1
200 205 239 1
227 208 68 1
284 213 221 1
58 218 305 1
277 220 214 1
253 222 24 1
278 232 210 1
188 234 68 1
257 234 23 1
218 241 250 1
251 243 242 1
234 245 245 1
52 271 307 1
23 286 295 1
44 298 305 1
24 329 262 1
36 337 262 1
28 341 32 1
169 69 74 3
