206 36 204 1
190 47 23 1
112 62 155 1
176 68 197 1
222 69 208 1
243 69 221 1
246 80 217 1
143 89 172 1
236 93 32 1
67 96 312 1
135 101 357 1
113 105 134 1
171 114 194 1
91 131 305 1
209 131 37 1
247 134 221 1
81 135 101 1
273 149 32 1
183 156 194 1
81 166 278 1
234 168 215 1
165 170 114 1
186 172 186 1
106 184 76 1
213 192 39 1
199 194 201 1
182 195 73 1
165 209 259 1
196 211 45 1
298 214 211 1
111 219 72 1
146 222 62 1
300 226 212 1
208 230 38 1
200 235 45 1
296 239 208 1
136 247 65 1
241 257 219 1
263 260 219 1
297 265 203 1
222 267 44 1
180 271 53 1
240 286 222 1
278 295 207 1
181 191 21 3
