186 34 217 1
146 38 188 1
109 42 153 1
135 43 18 1
84 55 332 1
165 72 215 1
62 91 297 1
195 107 62 1
160 113 212 1
80 115 101 1
136 121 127 1
224 124 243 1
156 134 201 1
143 139 113 1
149 140 56 1
148 144 68 1
144 147 101 1
203 152 243 1
66 154 96 1
149 159 87 1
101 164 90 1
174 166 65 1
126 169 274 1
156 175 70 1
83 179 96 1
251 183 240 1
152 193 65 1
58 215 98 1
110 222 82 1
171 233 243 1
150 236 68 1
83 245 90 1
189 245 243 1
227 245 235 1
158 259 246 1
166 275 55 1
69 294 87 1
240 294 204 1
179 299 229 1
187 311 221 1
241 315 197 1
102 316 49 1
142 317 228 1
175 323 204 1
187 330 186 1
81 331 245 1
93 339 235 1
146 140 44 3
