147 70 191 1
112 74 158 1
134 74 21 1
84 89 326 1
68 90 124 1
162 104 215 1
59 119 300 1
185 135 59 1
75 146 103 1
157 155 222 1
224 160 246 1
128 162 11 1
122 164 101 1
149 166 205 1
196 183 248 1
61 187 98 1
139 190 58 1
91 193 98 1
165 194 65 1
70 204 276 1
76 211 96 1
64 217 96 1
143 225 68 1
136 238 66 1
52 256 104 1
102 258 84 1
155 260 246 1
224 272 238 1
177 273 246 1
74 277 91 1
146 287 249 1
53 308 114 1
185 313 229 1
149 315 242 1
176 317 34 1
63 323 98 1
226 323 211 1
169 328 44 1
139 334 34 1
36 335 298 1
149 337 222 1
180 346 224 1
130 180 45 3
