211 21 44 1
118 33 336 1
147 41 10 1
211 43 52 1
122 47 141 1
148 60 35 1
117 79 326 1
197 79 70 1
187 97 76 1
128 99 135 1
128 110 105 1
247 113 68 1
99 116 308 1
118 117 121 1
139 119 101 1
171 126 90 1
149 128 98 1
228 134 75 1
121 145 113 1
207 145 84 1
93 170 114 1
170 180 103 1
107 183 297 1
221 183 77 1
78 186 294 1
202 201 98 1
134 208 117 1
100 210 298 1
208 212 98 1
29 224 294 1
119 226 297 1
222 229 93 1
29 243 298 1
44 246 318 1
43 255 333 1
27 262 305 1
216 265 287 1
32 266 343 1
211 268 120 1
153 275 308 1
170 281 307 1
19 288 300 1
136 102 74 3
