45 53 138 1
46 67 326 1
97 71 163 1
111 79 6 1
166 90 39 1
225 98 48 1
207 108 224 1
71 112 330 1
164 112 49 1
102 113 3 1
79 119 141 1
104 132 31 1
154 148 68 1
73 152 325 1
145 167 72 1
207 177 66 1
87 181 110 1
29 186 295 1
97 187 96 1
106 187 87 1
80 190 114 1
56 191 305 1
126 191 83 1
189 208 73 1
168 211 80 1
29 213 300 1
82 217 111 1
132 247 97 1
186 251 75 1
70 254 293 1
167 265 93 1
173 278 91 1
46 281 113 1
101 283 115 1
184 289 83 1
86 307 297 1
90 337 302 1
165 339 307 1
181 344 333 1
90 176 79 3
