168 31 169 1
179 41 6 1
238 57 35 1
144 71 338 1
176 76 17 1
234 76 48 1
147 81 139 1
173 90 32 1
224 108 63 1
144 111 333 1
214 129 76 1
99 138 294 1
176 141 84 1
167 142 94 1
150 146 118 1
128 147 311 1
196 147 82 1
157 154 105 1
107 160 297 1
255 162 65 1
54 165 340 1
237 169 79 1
87 175 158 1
36 177 326 1
93 180 294 1
84 187 158 1
93 188 149 1
35 190 325 1
145 190 293 1
257 196 69 1
161 202 284 1
200 204 98 1
32 217 319 1
240 217 93 1
152 222 118 1
247 226 86 1
137 229 298 1
31 232 314 1
259 239 80 1
34 241 107 1
156 245 297 1
244 252 276 1
148 260 273 1
227 282 297 1
242 288 307 1
159 136 79 3
