117 24 136 1
122 25 323 1
173 32 163 1
187 39 8 1
244 56 45 1
152 71 338 1
179 71 11 1
240 76 52 1
156 78 141 1
181 91 34 1
229 110 68 1
148 113 321 1
84 123 297 1
161 131 132 1
172 132 87 1
220 135 82 1
86 144 113 1
201 148 89 1
104 149 297 1
136 150 308 1
156 150 120 1
182 150 94 1
173 152 103 1
105 173 301 1
155 179 114 1
240 182 80 1
56 196 145 1
80 199 290 1
255 208 44 1
199 212 101 1
90 214 305 1
140 217 297 1
111 234 127 1
171 244 115 1
146 266 287 1
155 273 293 1
159 281 298 1
170 129 68 3
