68 89 132 1
127 92 156 1
131 96 354 1
71 97 318 1
197 105 35 1
197 127 44 1
135 132 1 1
102 136 323 1
113 141 134 1
136 152 17 1
190 164 62 1
109 176 315 1
182 181 66 1
125 190 125 1
46 192 291 1
127 202 107 1
146 205 82 1
137 207 90 1
166 208 77 1
122 210 113 1
51 213 103 1
101 215 298 1
70 217 287 1
210 228 75 1
233 228 68 1
128 233 104 1
26 235 281 1
74 240 294 1
177 262 94 1
51 271 288 1
116 275 290 1
208 277 86 1
64 280 301 1
145 300 107 1
82 301 136 1
107 301 93 1
113 301 293 1
140 301 284 1
73 302 143 1
100 303 290 1
117 304 90 1
89 309 108 1
134 314 270 1
147 317 281 1
92 323 136 1
142 338 281 1
113 344 105 1
129 193 76 3
