98 103 158 1
107 111 357 1
170 119 38 1
204 133 218 1
176 143 49 1
107 144 4 1
73 147 326 1
83 153 135 1
109 164 24 1
85 185 333 1
162 189 62 1
99 195 134 1
120 199 211 1
149 199 250 1
108 202 68 1
159 202 73 1
213 203 62 1
99 204 113 1
105 205 87 1
68 218 301 1
154 221 76 1
44 226 290 1
90 226 115 1
201 243 70 1
47 246 294 1
93 246 104 1
117 247 91 1
166 251 256 1
176 260 66 1
145 264 93 1
74 268 297 1
102 270 96 1
45 272 110 1
106 282 271 1
79 283 98 1
200 285 73 1
180 298 90 1
83 300 278 1
95 300 98 1
187 309 89 1
205 318 259 1
105 329 270 1
206 339 90 1
215 339 49 1
107 200 61 3
