106 20 152 1
85 78 128 1
113 79 329 1
162 96 28 1
134 111 350 1
42 114 305 1
102 116 314 1
181 134 65 1
115 140 322 1
107 169 307 1
119 170 333 1
236 175 75 1
72 188 294 1
123 191 121 1
142 193 248 1
128 205 107 1
168 213 98 1
209 222 87 1
197 235 93 1
132 248 110 1
137 256 107 1
158 257 107 1
40 276 314 1
185 277 96 1
94 286 136 1
46 295 319 1
48 307 335 1
60 317 329 1
93 317 311 1
112 327 149 1
126 329 290 1
94 331 322 1
137 331 297 1
116 347 158 1
130 182 81 3
