49 26 321 1
53 40 330 1
82 54 349 1
46 74 332 1
42 88 323 1
157 88 153 1
69 93 150 1
44 95 329 1
42 106 328 1
104 129 143 1
57 135 134 1
140 147 132 1
218 169 18 1
47 186 307 1
191 186 346 1
159 191 309 1
267 195 23 1
44 202 298 1
92 203 127 1
240 206 62 1
173 208 323 1
273 208 27 1
95 211 301 1
99 219 125 1
164 243 307 1
177 249 328 1
131 254 297 1
186 257 121 1
204 268 246 1
239 272 93 1
98 273 290 1
105 291 290 1
200 299 108 1
225 315 107 1
200 322 110 1
129 323 301 1
188 255 83 3
