128 29 145 1
173 36 174 1
153 38 346 1
142 60 333 1
198 68 46 1
168 73 10 1
141 91 336 1
204 113 90 1
125 121 321 1
87 129 311 1
132 131 340 1
136 143 134 1
136 156 125 1
150 156 274 1
172 178 113 1
38 189 314 1
205 195 100 1
130 201 122 1
30 203 322 1
132 210 121 1
32 214 322 1
150 218 118 1
193 218 107 1
85 227 148 1
33 236 340 1
56 243 336 1
171 246 111 1
78 256 325 1
68 273 340 1
88 274 163 1
113 283 311 1
90 285 153 1
102 285 304 1
67 297 349 1
124 308 311 1
142 136 92 3
