98 50 142 1
84 56 325 1
57 57 121 1
137 62 18 1
114 79 343 1
86 88 307 1
162 98 59 1
98 105 314 1
220 139 68 1
94 140 297 1
105 142 312 1
61 156 288 1
112 162 110 1
117 170 98 1
160 176 90 1
201 183 79 1
194 201 82 1
25 218 284 1
153 221 97 1
79 226 288 1
30 240 291 1
73 240 120 1
186 240 86 1
132 241 110 1
44 244 297 1
139 249 104 1
82 255 298 1
219 259 66 1
32 260 285 1
32 270 295 1
45 272 311 1
112 272 293 1
65 277 120 1
214 277 76 1
123 279 293 1
77 290 118 1
150 296 284 1
132 299 285 1
165 331 302 1
153 333 305 1
174 333 301 1
188 333 298 1
142 334 312 1
206 335 304 1
158 344 163 1
113 141 76 3
