147 25 27 1
80 40 160 1
185 58 217 1
116 86 20 1
146 89 208 1
179 90 224 1
149 109 208 1
196 120 49 1
72 126 332 1
107 145 174 1
220 160 68 1
215 162 239 1
85 163 135 1
199 166 236 1
47 177 305 1
132 194 214 1
64 204 302 1
187 235 238 1
62 237 117 1
72 242 113 1
100 246 115 1
107 255 35 1
188 258 49 1
105 260 48 1
101 262 87 1
109 273 59 1
183 277 229 1
46 282 305 1
54 296 8 1
133 303 225 1
34 310 349 1
149 323 212 1
98 328 212 1
75 334 24 1
129 340 207 1
68 289 -1 -1 -1 2
104 259 36 3
