117 36 326 1
136 40 339 1
126 67 339 1
142 84 160 1
149 90 0 1
143 94 30 1
75 96 318 1
132 97 135 1
140 137 156 1
115 146 332 1
236 156 52 1
49 158 125 1
144 163 148 1
142 209 346 1
77 215 113 1
66 219 294 1
200 229 49 1
101 230 103 1
230 237 228 1
157 238 39 1
149 239 77 1
78 255 288 1
164 255 49 1
95 260 107 1
108 273 68 1
204 294 217 1
155 301 224 1
73 311 323 1
193 312 207 1
86 314 352 1
97 320 11 1
150 320 212 1
186 337 18 1
103 293 -1 -1 -1 2
156 234 32 3
