95 24 319 1
158 51 153 1
137 68 332 1
167 87 146 1
70 91 118 1
130 106 124 1
260 106 49 1
114 115 302 1
65 129 115 1
163 131 340 1
97 141 115 1
122 149 101 1
87 153 295 1
215 154 58 1
161 157 86 1
248 174 242 1
178 179 55 1
115 182 104 1
95 188 290 1
123 195 84 1
113 224 329 1
175 225 233 1
219 225 229 1
134 229 194 1
253 230 229 1
101 239 330 1
89 241 325 1
207 241 215 1
116 245 17 1
168 247 217 1
232 264 211 1
199 268 30 1
94 269 359 1
220 285 212 1
144 295 197 1
120 218 -1 -1 -1 2
182 143 36 3
