136 12 110 1
173 21 311 1
95 25 298 1
166 26 90 1
172 42 60 1
149 43 90 1
140 45 98 1
210 46 62 1
68 50 125 1
225 57 62 1
121 65 107 1
223 69 242 1
159 78 52 1
190 81 232 1
143 88 68 1
123 89 90 1
218 90 238 1
95 99 125 1
195 105 221 1
162 109 243 1
159 121 232 1
82 126 308 1
241 127 224 1
151 129 226 1
117 131 17 1
106 132 308 1
215 137 215 1
147 147 208 1
96 150 340 1
203 152 207 1
116 162 21 1
153 179 27 1
81 184 0 1
133 195 200 1
201 198 204 1
163 207 204 1
166 224 8 1
191 228 188 1
127 257 198 1
168 257 3 1
120 275 174 1
161 275 176 1
123 293 349 1
154 302 343 1
139 319 3 1
312 323 113 1
122 124 -1 -1 -1 2
