112 21 323 1
154 38 346 1
207 38 194 1
144 39 145 1
229 63 207 1
188 71 20 1
114 76 132 1
231 78 44 1
76 97 309 1
95 101 121 1
102 121 118 1
113 133 113 1
71 139 302 1
146 139 312 1
142 144 96 1
167 148 59 1
123 161 93 1
184 164 63 1
112 165 98 1
162 166 62 1
93 181 110 1
199 185 55 1
196 190 246 1
130 194 55 1
163 200 232 1
189 202 242 1
211 202 240 1
94 206 96 1
114 206 70 1
166 224 222 1
133 226 240 1
126 243 238 1
87 248 20 1
117 248 228 1
210 248 228 1
186 258 215 1
115 268 205 1
170 271 210 1
122 297 28 1
168 312 204 1
150 322 198 1
165 148 44 3
