182 18 18 1
82 44 322 1
176 57 188 1
206 88 204 1
158 93 14 1
39 94 127 1
202 94 37 1
85 102 128 1
133 123 347 1
157 123 177 1
45 125 307 1
68 126 124 1
252 144 49 1
77 146 117 1
243 155 228 1
87 161 110 1
123 166 315 1
138 169 27 1
116 170 93 1
136 174 41 1
43 176 301 1
135 179 53 1
128 182 65 1
90 185 101 1
98 187 90 1
222 191 58 1
160 192 62 1
173 201 60 1
70 208 107 1
171 214 246 1
213 215 235 1
107 223 49 1
135 226 233 1
189 229 239 1
91 233 68 1
166 234 239 1
70 235 90 1
152 240 235 1
66 248 94 1
142 248 221 1
100 264 238 1
189 271 224 1
96 275 224 1
162 281 215 1
97 293 207 1
42 295 345 1
232 295 211 1
152 297 208 1
61 308 20 1
101 325 27 1
196 329 203 1
147 338 204 1
78 341 194 1
65 269 -1 -1 -1 2
135 175 36 3
