195 31 1 1
71 33 323 1
99 57 329 1
192 74 177 1
131 79 149 1
138 85 340 1
179 117 0 1
99 120 149 1
53 126 326 1
78 139 139 1
174 148 172 1
149 150 345 1
88 157 128 1
101 175 117 1
131 185 100 1
253 190 49 1
140 193 309 1
154 195 352 1
104 196 104 1
113 203 93 1
156 203 20 1
149 206 41 1
139 211 56 1
177 211 45 1
80 212 107 1
241 212 218 1
199 229 224 1
124 237 51 1
86 240 79 1
105 246 66 1
163 249 218 1
196 250 222 1
79 252 72 1
169 269 207 1
92 277 235 1
224 278 208 1
195 299 204 1
173 300 200 1
225 336 191 1
151 205 31 3
