184 20 194 1
121 23 145 1
127 23 340 1
207 44 204 1
206 51 37 1
167 54 17 1
88 63 134 1
136 81 350 1
157 81 177 1
47 89 309 1
67 91 124 1
77 104 118 1
87 118 113 1
124 123 316 1
117 127 93 1
42 130 301 1
88 136 104 1
98 144 90 1
122 144 48 1
156 146 58 1
227 156 62 1
129 161 51 1
66 166 107 1
175 173 243 1
215 173 238 1
106 177 53 1
141 183 231 1
89 187 70 1
67 190 93 1
168 191 239 1
144 206 218 1
108 209 245 1
102 224 233 1
236 229 51 1
191 231 228 1
95 232 222 1
162 238 215 1
93 248 207 1
39 252 340 1
150 254 210 1
58 263 18 1
96 278 28 1
193 286 204 1
74 295 194 1
147 299 204 1
132 306 198 1
64 223 -1 -1 -1 2
135 132 31 3
