174 39 166 1
181 45 6 1
231 59 207 1
131 71 152 1
206 90 37 1
247 91 221 1
103 92 143 1
244 98 51 1
168 108 7 1
109 110 136 1
188 114 197 1
113 129 127 1
145 147 328 1
108 149 120 1
136 150 107 1
153 151 17 1
156 158 62 1
115 159 107 1
153 161 70 1
81 167 121 1
139 167 83 1
174 182 79 1
184 195 77 1
113 197 73 1
77 198 96 1
232 198 72 1
94 202 87 1
67 207 114 1
179 207 259 1
142 208 248 1
219 219 250 1
190 224 260 1
168 225 252 1
151 228 246 1
200 231 59 1
140 236 238 1
97 244 250 1
88 247 242 1
213 249 240 1
80 263 222 1
179 269 239 1
149 271 229 1
133 281 222 1
78 293 44 1
212 302 229 1
167 323 218 1
120 326 219 1
106 330 212 1
155 157 49 3
