212 20 20 1
112 43 325 1
206 60 188 1
68 89 135 1
189 98 14 1
114 103 135 1
72 119 314 1
160 127 349 1
94 128 127 1
184 128 180 1
102 146 121 1
112 162 113 1
67 164 307 1
165 174 32 1
122 189 96 1
157 195 53 1
184 195 66 1
244 197 63 1
110 198 101 1
90 208 107 1
199 215 68 1
233 219 242 1
196 222 248 1
128 224 59 1
159 233 233 1
112 237 73 1
93 239 82 1
213 240 245 1
189 241 240 1
235 244 226 1
173 245 238 1
229 248 45 1
86 249 101 1
165 256 222 1
84 263 134 1
86 271 41 1
123 274 238 1
70 278 314 1
209 279 226 1
116 281 226 1
184 290 217 1
62 292 357 1
114 297 212 1
170 304 210 1
81 310 27 1
117 329 28 1
212 337 204 1
96 345 204 1
167 346 204 1
85 272 -1 -1 -1 2
162 184 44 3
