93 19 138 1
195 31 198 1
46 32 308 1
193 43 30 1
158 47 15 1
72 55 128 1
44 70 312 1
125 73 349 1
148 77 179 1
247 85 53 1
245 97 226 1
72 118 111 1
37 122 301 1
49 123 117 1
118 128 66 1
224 130 58 1
125 132 48 1
157 134 58 1
87 135 93 1
169 145 58 1
210 155 232 1
163 157 242 1
109 158 45 1
74 162 89 1
54 172 107 1
110 174 38 1
131 183 221 1
183 183 31 1
249 185 228 1
144 188 233 1
247 210 222 1
255 216 242 1
254 231 243 1
244 239 217 1
71 327 8 1
124 118 19 3
