144 14 330 1
145 29 142 1
135 43 325 1
242 59 212 1
119 69 136 1
144 82 328 1
149 105 135 1
174 108 152 1
150 114 329 1
130 120 322 1
82 126 305 1
198 131 177 1
181 139 3 1
135 154 312 1
197 157 177 1
176 168 354 1
245 174 246 1
201 180 191 1
237 188 243 1
145 203 121 1
210 219 215 1
168 227 333 1
141 240 312 1
147 241 135 1
243 248 238 1
123 255 307 1
151 256 323 1
230 269 221 1
209 273 197 1
142 279 333 1
119 283 322 1
157 288 357 1
250 290 214 1
139 307 0 1
235 330 195 1
