150 16 48 1
107 17 153 1
180 21 52 1
222 25 228 1
77 35 134 1
90 50 329 1
118 57 143 1
120 64 68 1
86 69 93 1
200 71 63 1
175 81 73 1
48 85 96 1
154 88 94 1
128 90 259 1
118 92 256 1
79 94 76 1
90 97 63 1
177 107 87 1
214 115 73 1
237 117 59 1
70 128 66 1
207 128 84 1
131 136 195 1
168 137 118 1
226 146 70 1
145 159 166 1
65 167 46 1
193 167 113 1
205 169 107 1
164 171 141 1
240 171 58 1
234 192 79 1
184 193 297 1
87 201 212 1
187 208 143 1
208 216 302 1
128 229 174 1
152 232 338 1
109 242 183 1
145 249 349 1
304 337 240 1
118 64 57 3
125 98 184 3
