229 99 42 1
170 116 186 1
154 129 158 1
197 129 48 1
111 135 323 1
228 135 55 1
125 140 138 1
54 160 287 1
69 163 311 1
160 164 136 1
255 177 51 1
163 180 90 1
169 180 79 1
96 183 128 1
244 188 68 1
33 193 322 1
219 198 79 1
96 201 93 1
174 203 259 1
162 204 259 1
256 206 70 1
124 209 80 1
135 210 69 1
194 210 107 1
86 212 146 1
170 215 256 1
254 215 250 1
176 216 284 1
35 218 308 1
88 220 143 1
25 223 278 1
219 225 93 1
104 232 118 1
111 235 73 1
203 254 125 1
167 256 211 1
190 258 152 1
231 285 113 1
205 286 142 1
164 173 59 3
172 216 186 3
