110 47 183 1
150 56 194 1
96 75 174 1
135 88 14 1
188 97 27 1
87 98 352 1
48 105 166 1
148 105 190 1
189 108 205 1
140 114 11 1
97 138 167 1
193 170 37 1
136 189 188 1
120 202 160 1
164 202 48 1
234 203 221 1
53 205 329 1
195 208 52 1
88 220 136 1
103 223 332 1
43 230 121 1
94 230 114 1
135 251 73 1
211 256 62 1
58 264 98 1
188 268 79 1
130 276 259 1
141 278 262 1
163 278 104 1
90 281 76 1
138 284 256 1
144 287 284 1
102 291 63 1
188 294 90 1
224 298 73 1
35 306 87 1
80 312 68 1
216 312 84 1
70 323 68 1
132 327 218 1
171 328 128 1
155 347 172 1
100 236 77 3
145 318 156 3
