204 29 42 1
146 47 186 1
175 59 48 1
131 60 156 1
205 66 53 1
63 76 318 1
247 76 233 1
101 79 134 1
138 95 134 1
56 102 118 1
147 109 76 1
221 116 66 1
199 127 79 1
71 133 97 1
152 137 264 1
175 137 104 1
103 139 79 1
115 143 65 1
154 145 287 1
199 153 90 1
235 164 76 1
256 167 66 1
46 174 89 1
93 175 66 1
227 178 87 1
184 185 125 1
144 186 221 1
172 188 150 1
84 189 66 1
246 197 76 1
187 214 136 1
212 216 113 1
223 219 110 1
254 241 117 1
203 242 297 1
108 248 214 1
205 256 143 1
225 257 297 1
238 262 305 1
92 265 203 1
144 275 174 1
164 277 340 1
121 285 188 1
209 291 329 1
164 296 346 1
170 334 346 1
144 105 56 3
150 146 186 3
