108 46 357 1
56 79 332 1
78 110 145 1
177 110 23 1
192 147 37 1
135 149 176 1
162 150 31 1
121 162 142 1
96 187 118 1
58 191 302 1
224 192 53 1
143 197 132 1
151 207 60 1
203 207 63 1
58 219 101 1
184 227 90 1
162 229 246 1
247 233 62 1
212 236 79 1
161 238 243 1
168 241 270 1
114 245 62 1
81 247 79 1
128 248 48 1
243 250 70 1
205 269 107 1
194 277 138 1
169 281 200 1
115 284 49 1
251 292 93 1
73 293 73 1
239 293 96 1
216 298 122 1
110 299 55 1
237 320 283 1
243 334 128 1
144 202 47 3
165 243 175 3
