183 41 188 1
162 44 3 1
130 69 158 1
234 101 42 1
178 119 188 1
160 131 155 1
202 131 45 1
234 137 55 1
93 144 319 1
127 151 131 1
169 166 142 1
86 167 117 1
170 178 101 1
176 180 79 1
250 188 68 1
173 189 84 1
96 199 98 1
227 199 82 1
165 206 263 1
131 209 83 1
202 210 104 1
176 213 262 1
143 215 68 1
227 226 93 1
65 228 104 1
262 234 76 1
74 244 90 1
120 246 66 1
187 252 191 1
254 252 87 1
212 257 118 1
170 259 222 1
111 261 68 1
141 269 238 1
238 281 111 1
154 282 14 1
217 303 294 1
204 305 143 1
111 316 233 1
129 317 221 1
225 321 301 1
124 323 17 1
171 175 61 3
176 244 167 3
