169 14 15 1
116 30 343 1
181 32 190 1
220 34 208 1
172 39 14 1
129 65 160 1
72 85 148 1
221 92 38 1
167 113 186 1
193 124 46 1
151 126 156 1
224 130 53 1
86 138 318 1
121 145 132 1
159 160 135 1
42 162 118 1
79 162 114 1
167 175 76 1
243 182 63 1
219 192 76 1
94 195 96 1
172 197 259 1
198 198 94 1
162 200 256 1
124 208 75 1
136 210 66 1
171 210 253 1
176 211 281 1
221 219 90 1
57 220 101 1
256 224 73 1
115 240 68 1
249 241 82 1
74 242 84 1
211 250 118 1
170 252 207 1
192 256 153 1
110 279 48 1
236 279 110 1
247 283 107 1
208 284 141 1
227 306 298 1
131 315 217 1
228 323 143 1
118 332 204 1
168 343 177 1
187 345 340 1
163 170 58 3
170 211 185 3
