212 35 27 1
198 41 194 1
242 50 207 1
125 77 338 1
117 85 132 1
115 95 323 1
198 102 191 1
90 125 122 1
143 128 134 1
203 132 187 1
274 135 228 1
92 137 307 1
104 165 114 1
228 172 218 1
175 174 3 1
148 176 311 1
190 179 174 1
160 195 325 1
268 195 235 1
131 196 104 1
183 211 125 1
293 222 233 1
189 239 96 1
174 242 290 1
108 256 107 1
193 256 79 1
134 259 276 1
198 260 66 1
138 261 90 1
132 263 90 1
187 271 77 1
121 286 96 1
171 305 262 1
19 306 84 1
237 319 232 1
192 228 38 3
