177 48 23 1
162 53 188 1
210 63 207 1
70 65 325 1
93 89 330 1
57 96 134 1
86 100 134 1
163 112 186 1
244 141 236 1
72 147 312 1
165 147 183 1
134 153 142 1
114 155 329 1
88 157 124 1
100 172 115 1
112 177 312 1
214 178 226 1
77 181 114 1
146 182 3 1
199 185 215 1
209 196 51 1
114 197 114 1
162 200 180 1
128 210 318 1
141 217 110 1
219 218 232 1
155 229 104 1
269 234 222 1
81 241 110 1
142 254 281 1
85 261 101 1
171 263 52 1
161 264 80 1
173 276 58 1
112 279 87 1
160 284 69 1
94 298 93 1
152 318 250 1
215 326 224 1
145 212 70 3
