198 73 6 1
115 85 321 1
177 105 357 1
95 115 122 1
221 129 48 1
142 132 118 1
94 152 114 1
198 155 59 1
180 167 107 1
245 169 235 1
226 171 60 1
182 176 87 1
84 186 104 1
232 196 60 1
194 198 273 1
183 199 267 1
228 200 84 1
271 200 232 1
220 206 98 1
159 208 63 1
141 211 72 1
180 211 256 1
126 213 87 1
136 220 76 1
75 223 114 1
191 227 319 1
195 234 215 1
301 234 240 1
180 246 18 1
181 271 28 1
303 280 233 1
308 301 240 1
148 312 38 1
302 313 235 1
290 321 204 1
184 165 64 3
190 229 173 3
