116 113 332 1
166 130 160 1
203 134 183 1
202 148 11 1
109 151 325 1
114 156 141 1
83 160 139 1
167 160 156 1
200 171 180 1
184 176 0 1
216 190 191 1
113 192 322 1
89 221 127 1
162 221 345 1
220 221 34 1
212 235 45 1
131 245 117 1
85 263 117 1
186 267 56 1
171 277 115 1
171 286 93 1
73 289 111 1
211 295 79 1
234 310 79 1
177 314 280 1
170 315 270 1
210 318 101 1
146 322 65 1
128 325 75 1
113 331 87 1
170 331 248 1
176 333 302 1
123 334 79 1
220 344 97 1
174 277 69 3
