84 24 128 1
106 25 312 1
127 35 319 1
233 39 205 1
185 55 357 1
104 67 121 1
247 74 45 1
151 80 117 1
234 80 49 1
60 100 118 1
105 103 113 1
208 103 58 1
191 111 107 1
193 119 87 1
94 134 105 1
233 134 80 1
197 145 266 1
170 154 63 1
134 156 83 1
256 156 79 1
232 157 97 1
152 158 69 1
144 166 73 1
207 171 194 1
68 173 104 1
223 191 166 1
248 191 98 1
199 202 6 1
62 204 98 1
192 216 28 1
247 233 226 1
224 250 6 1
149 256 232 1
159 261 39 1
109 269 233 1
97 277 226 1
139 295 217 1
215 296 203 1
95 306 203 1
194 111 63 3
199 156 188 3
