108 60 177 1
64 64 149 1
105 72 357 1
70 90 139 1
110 94 170 1
128 105 181 1
147 137 24 1
86 142 335 1
136 145 27 1
226 155 32 1
63 176 100 1
198 180 45 1
115 183 23 1
111 192 96 1
153 197 60 1
114 199 73 1
179 205 62 1
25 210 96 1
159 219 76 1
130 223 257 1
123 225 248 1
23 238 91 1
178 240 76 1
104 243 42 1
198 246 59 1
142 249 293 1
91 250 52 1
137 254 212 1
163 255 142 1
75 259 66 1
82 261 56 1
208 271 56 1
195 273 114 1
140 276 352 1
232 290 215 1
143 292 13 1
224 307 166 1
175 310 338 1
198 346 343 1
207 287 -1 -1 -1 2
114 193 53 3
135 241 182 3
