98 25 332 1
151 40 166 1
191 47 191 1
190 59 17 1
91 61 328 1
97 65 136 1
151 67 158 1
64 74 135 1
185 78 183 1
173 82 6 1
200 93 194 1
101 96 322 1
155 117 354 1
77 128 121 1
212 129 37 1
198 137 42 1
122 147 117 1
176 165 53 1
77 166 113 1
162 176 107 1
167 178 79 1
174 182 82 1
164 185 90 1
251 188 56 1
203 196 73 1
66 197 105 1
226 209 73 1
165 210 267 1
141 219 62 1
200 220 107 1
110 224 87 1
124 224 69 1
165 226 248 1
40 230 107 1
116 232 73 1
171 233 302 1
215 238 87 1
196 251 156 1
233 251 73 1
171 267 0 1
223 278 128 1
165 281 25 1
197 311 357 1
85 338 233 1
229 293 -1 -1 -1 2
165 176 65 3
170 229 193 3
