108 58 329 1
127 60 148 1
159 61 353 1
158 70 160 1
201 71 188 1
200 88 14 1
104 92 323 1
163 97 158 1
79 105 131 1
195 107 177 1
187 111 6 1
214 126 195 1
114 128 318 1
167 152 346 1
92 159 121 1
225 161 38 1
213 166 42 1
138 175 117 1
51 183 127 1
92 195 113 1
192 195 53 1
177 205 110 1
179 214 90 1
218 223 75 1
81 226 108 1
241 239 76 1
180 240 267 1
186 244 278 1
156 250 60 1
214 250 110 1
138 252 69 1
124 254 87 1
178 254 250 1
54 260 107 1
130 261 75 1
230 272 96 1
209 280 155 1
248 284 79 1
184 296 0 1
236 308 127 1
180 317 23 1
210 341 357 1
181 202 64 3
184 258 191 3
