211 14 17 1
114 16 325 1
120 20 135 1
172 22 158 1
88 29 132 1
124 51 322 1
223 52 197 1
256 53 208 1
177 76 349 1
101 82 122 1
238 86 42 1
224 97 49 1
145 101 117 1
58 107 125 1
104 118 113 1
192 122 44 1
273 147 62 1
87 153 105 1
226 153 79 1
187 162 267 1
195 163 271 1
242 166 72 1
161 168 68 1
128 176 89 1
189 176 267 1
145 178 70 1
224 178 101 1
61 186 110 1
137 188 75 1
213 199 146 1
236 201 100 1
253 209 79 1
190 214 7 1
247 234 120 1
187 237 24 1
217 266 0 1
139 276 235 1
154 284 38 1
101 291 233 1
130 315 217 1
190 130 66 3
191 186 182 3
