150 26 336 1
167 44 343 1
215 47 194 1
54 58 305 1
102 61 312 1
132 67 319 1
83 121 308 1
136 130 315 1
46 143 305 1
200 145 39 1
146 154 316 1
156 158 332 1
263 174 58 1
128 179 117 1
208 184 66 1
162 187 343 1
165 209 359 1
168 227 118 1
171 233 98 1
178 243 97 1
164 245 110 1
235 247 73 1
212 248 93 1
46 268 314 1
217 269 90 1
77 277 308 1
177 279 283 1
173 291 113 1
222 293 90 1
242 300 62 1
124 310 301 1
230 310 87 1
135 327 312 1
236 327 83 1
160 332 304 1
177 333 304 1
191 338 136 1
84 342 326 1
206 349 307 1
171 226 84 3
