135 27 142 1
106 52 316 1
223 58 195 1
224 92 197 1
60 94 308 1
170 98 343 1
106 103 315 1
136 109 325 1
278 134 226 1
85 159 309 1
138 169 321 1
252 174 221 1
149 186 328 1
205 189 51 1
161 190 346 1
262 199 53 1
100 209 307 1
119 217 121 1
262 221 62 1
160 226 346 1
203 229 65 1
161 249 0 1
78 250 127 1
206 283 90 1
165 284 120 1
178 286 100 1
229 288 73 1
170 289 110 1
210 308 93 1
73 309 314 1
168 321 291 1
79 326 302 1
218 332 91 1
91 333 311 1
171 337 122 1
116 341 307 1
103 344 308 1
173 266 67 3
