146 34 336 1
162 34 158 1
201 61 357 1
116 74 321 1
228 76 183 1
196 83 357 1
271 84 37 1
187 91 163 1
253 94 32 1
276 123 51 1
114 126 132 1
99 128 312 1
173 128 343 1
292 128 228 1
125 139 311 1
220 139 27 1
252 156 221 1
154 160 128 1
240 162 55 1
161 163 326 1
276 165 66 1
130 166 308 1
149 190 314 1
196 196 42 1
266 205 70 1
192 223 58 1
189 232 98 1
183 235 114 1
193 242 84 1
243 244 83 1
122 245 117 1
186 253 98 1
226 277 82 1
27 315 302 1
35 315 343 1
188 202 33 3
