174 36 349 1
89 43 322 1
199 44 177 1
241 49 30 1
57 51 143 1
171 53 354 1
162 60 160 1
225 61 28 1
285 85 218 1
214 95 32 1
85 99 142 1
145 100 339 1
72 103 322 1
193 108 23 1
97 110 312 1
235 118 217 1
137 129 326 1
129 131 131 1
251 131 59 1
215 134 55 1
104 137 311 1
125 159 316 1
172 167 34 1
243 170 66 1
218 171 238 1
260 186 245 1
267 188 66 1
159 207 113 1
166 209 83 1
235 209 79 1
221 212 80 1
103 214 115 1
164 222 98 1
260 226 73 1
205 239 86 1
133 265 104 1
255 302 87 1
165 201 68 3
