239 18 24 1
255 38 203 1
130 44 338 1
273 45 217 1
156 48 160 1
186 77 0 1
111 88 326 1
211 89 186 1
79 90 141 1
186 99 0 1
260 105 41 1
170 112 163 1
237 118 42 1
86 137 315 1
155 145 343 1
288 145 222 1
90 146 134 1
224 147 37 1
262 150 52 1
240 153 215 1
107 154 314 1
196 159 25 1
236 172 221 1
113 181 311 1
221 181 56 1
266 181 66 1
132 206 315 1
178 216 44 1
262 247 68 1
105 259 122 1
164 259 104 1
171 263 82 1
234 264 82 1
225 270 87 1
165 273 101 1
266 289 79 1
204 294 91 1
132 312 110 1
171 241 85 3
