189 54 176 1
196 77 177 1
203 88 8 1
249 125 41 1
284 134 221 1
151 135 156 1
217 135 30 1
247 164 52 1
281 164 224 1
140 169 332 1
99 170 316 1
227 171 211 1
221 178 53 1
193 179 31 1
224 189 217 1
142 199 340 1
247 207 66 1
292 207 59 1
212 209 59 1
115 219 122 1
124 226 316 1
197 230 58 1
261 267 70 1
164 271 62 1
158 274 120 1
161 275 93 1
97 279 120 1
166 284 87 1
228 284 82 1
214 286 82 1
291 287 66 1
154 298 101 1
251 300 76 1
199 315 90 1
125 338 107 1
160 271 74 3
