135 22 148 1
158 64 8 1
212 67 41 1
76 71 307 1
190 73 203 1
82 96 302 1
144 98 350 1
213 110 228 1
175 111 200 1
133 117 333 1
149 118 145 1
104 129 300 1
128 134 319 1
103 144 107 1
144 181 357 1
121 182 291 1
161 186 166 1
210 187 238 1
234 192 238 1
183 196 52 1
128 200 297 1
148 210 357 1
232 215 232 1
198 220 233 1
153 221 128 1
76 222 302 1
179 222 208 1
192 224 226 1
232 225 226 1
130 228 304 1
173 233 169 1
136 250 301 1
187 257 186 1
162 258 349 1
219 265 203 1
142 267 321 1
96 273 312 1
114 296 329 1
167 313 353 1
211 316 183 1
150 344 352 1
