75 56 318 1
91 57 136 1
147 57 158 1
69 84 312 1
85 94 315 1
254 95 55 1
166 101 23 1
252 111 225 1
217 114 53 1
196 122 217 1
82 125 312 1
147 133 3 1
135 150 345 1
175 152 208 1
147 154 152 1
103 156 309 1
211 157 239 1
100 167 118 1
126 169 329 1
42 185 136 1
108 210 305 1
132 216 11 1
154 225 201 1
106 232 305 1
193 233 246 1
118 234 335 1
54 240 315 1
133 257 146 1
167 265 236 1
157 269 222 1
147 270 172 1
111 278 318 1
65 293 328 1
111 300 330 1
198 307 225 1
187 314 218 1
80 321 343 1
59 322 336 1
125 349 7 1
