182 33 14 1
93 37 311 1
273 45 229 1
238 46 52 1
218 53 214 1
165 68 350 1
91 71 308 1
153 86 338 1
169 88 152 1
234 90 242 1
201 92 214 1
118 99 305 1
118 106 121 1
144 108 321 1
158 140 3 1
155 150 14 1
123 157 304 1
197 167 236 1
140 171 330 1
129 172 307 1
218 172 248 1
69 185 314 1
154 192 141 1
178 196 217 1
192 202 238 1
204 203 242 1
121 206 311 1
170 206 177 1
131 216 316 1
84 235 323 1
130 237 329 1
273 243 229 1
222 244 226 1
210 248 215 1
102 259 338 1
79 265 332 1
271 275 217 1
253 279 215 1
149 284 7 1
239 287 207 1
185 295 194 1
80 306 349 1
121 312 3 1
206 336 188 1
211 346 180 1
103 347 8 1
