186 31 177 1
192 77 31 1
101 84 325 1
169 103 15 1
218 103 229 1
242 105 68 1
274 109 242 1
154 116 1 1
118 120 321 1
168 120 177 1
193 128 219 1
113 131 134 1
140 135 335 1
225 140 253 1
114 172 315 1
167 180 70 1
133 186 10 1
110 195 318 1
117 198 339 1
190 205 260 1
174 207 249 1
126 222 153 1
97 225 149 1
149 232 232 1
160 237 249 1
138 238 183 1
100 240 328 1
50 249 336 1
96 261 340 1
58 274 346 1
182 288 239 1
169 290 231 1
101 312 18 1
73 333 20 1
140 333 204 1
189 334 218 1
