178 25 11 1
265 25 222 1
94 31 307 1
235 33 49 1
215 43 211 1
166 58 353 1
95 62 305 1
197 72 200 1
156 75 340 1
170 77 146 1
231 78 235 1
121 89 305 1
148 96 321 1
120 101 114 1
65 124 131 1
159 140 6 1
134 142 297 1
183 148 197 1
222 153 243 1
148 161 329 1
138 172 300 1
84 178 307 1
163 181 131 1
190 185 212 1
201 188 233 1
183 195 177 1
138 197 307 1
146 206 307 1
175 211 21 1
193 220 194 1
235 226 221 1
148 227 326 1
101 230 316 1
224 232 211 1
116 252 328 1
96 261 336 1
257 268 200 1
172 269 3 1
208 282 188 1
145 304 357 1
223 324 183 1
