124 31 156 1
61 71 312 1
149 75 24 1
213 77 218 1
199 92 56 1
176 94 217 1
60 101 308 1
182 117 225 1
158 127 63 1
81 133 308 1
113 138 329 1
143 140 186 1
79 144 118 1
117 171 336 1
90 184 304 1
102 203 340 1
132 215 198 1
133 215 60 1
135 229 228 1
149 229 239 1
110 230 138 1
129 242 181 1
82 244 311 1
155 244 231 1
182 245 238 1
233 251 238 1
208 252 233 1
92 256 312 1
140 266 183 1
116 271 352 1
48 274 322 1
207 275 38 1
176 276 226 1
92 277 329 1
170 287 214 1
58 299 335 1
213 313 211 1
109 327 1 1
204 331 203 1
152 333 193 1
