139 12 354 1
137 27 0 1
161 27 195 1
172 31 66 1
127 46 330 1
235 59 56 1
134 66 127 1
180 66 248 1
158 70 96 1
163 90 315 1
178 93 218 1
54 102 318 1
220 103 236 1
197 113 226 1
188 117 201 1
144 128 338 1
81 130 325 1
99 134 328 1
216 135 214 1
177 141 180 1
190 158 187 1
107 159 338 1
166 160 357 1
63 165 338 1
107 172 352 1
30 186 333 1
89 223 166 1
55 225 354 1
185 236 176 1
141 241 174 1
98 248 346 1
171 248 160 1
114 257 354 1
130 270 14 1
80 275 174 1
147 282 195 1
79 297 359 1
146 307 180 1
177 320 173 1
145 326 169 1
164 90 -1 -1 -1 2
148 49 93 3
