203 52 212 1
119 60 329 1
158 80 11 1
122 105 330 1
69 110 309 1
84 116 311 1
139 134 6 1
154 149 190 1
169 155 66 1
122 171 328 1
151 173 79 1
131 189 127 1
177 190 250 1
33 197 311 1
157 214 343 1
25 224 298 1
31 225 311 1
49 225 319 1
141 235 325 1
32 242 332 1
42 242 134 1
185 242 203 1
148 252 354 1
76 254 325 1
34 256 323 1
97 256 328 1
171 265 181 1
35 272 333 1
185 276 177 1
106 278 336 1
161 285 354 1
56 289 338 1
107 299 354 1
160 207 -1 -1 -1 2
144 172 90 3
