156 22 13 1
119 47 329 1
65 57 304 1
79 63 307 1
134 77 0 1
152 90 187 1
132 92 354 1
167 97 63 1
123 110 333 1
150 115 82 1
40 116 135 1
233 124 55 1
135 131 125 1
177 132 246 1
153 135 93 1
247 148 236 1
159 153 76 1
174 158 222 1
219 167 232 1
51 170 315 1
142 172 314 1
201 178 226 1
179 183 186 1
141 194 338 1
79 197 322 1
97 200 325 1
216 201 214 1
172 206 177 1
183 217 174 1
108 221 332 1
166 226 357 1
62 232 338 1
111 242 352 1
26 263 340 1
82 292 169 1
57 293 352 1
93 305 149 1
136 309 174 1
82 320 342 1
92 323 347 1
133 324 359 1
79 343 177 1
161 154 -1 -1 -1 2
143 114 90 3
