176 10 325 1
218 28 11 1
181 57 325 1
129 69 301 1
142 77 302 1
200 85 0 1
218 98 183 1
233 103 59 1
188 123 322 1
218 123 82 1
103 128 138 1
242 138 243 1
197 139 117 1
94 160 316 1
227 162 315 1
243 162 211 1
271 176 218 1
66 180 336 1
116 180 318 1
213 184 316 1
256 184 194 1
105 199 346 1
224 199 352 1
122 200 166 1
70 207 343 1
152 208 322 1
173 208 322 1
40 209 297 1
243 209 169 1
241 226 345 1
181 235 332 1
132 241 333 1
182 249 340 1
232 160 -1 -1 -1 2
211 121 83 3
