96 17 322 1
138 30 4 1
105 61 322 1
53 81 298 1
70 83 297 1
127 87 357 1
156 93 55 1
222 118 48 1
147 121 69 1
139 122 82 1
117 125 318 1
171 135 242 1
128 138 110 1
212 156 229 1
235 156 31 1
171 162 208 1
157 163 311 1
195 178 215 1
145 184 315 1
187 184 191 1
56 192 308 1
217 197 204 1
153 203 340 1
176 209 165 1
87 216 314 1
103 223 319 1
199 224 180 1
170 227 347 1
118 239 326 1
70 250 326 1
125 254 340 1
191 307 152 1
162 315 166 1
161 162 -1 -1 -1 2
139 120 76 3
