120 24 335 1
200 71 210 1
53 79 309 1
228 84 45 1
210 85 218 1
45 101 304 1
128 103 136 1
103 110 127 1
140 119 345 1
125 129 127 1
39 144 295 1
66 146 307 1
177 146 198 1
258 156 226 1
117 159 309 1
82 160 307 1
197 170 59 1
162 174 172 1
171 176 58 1
137 178 335 1
40 181 295 1
161 186 136 1
42 196 288 1
174 202 63 1
169 203 76 1
242 204 51 1
151 209 107 1
186 216 243 1
47 223 300 1
139 223 122 1
85 226 124 1
152 232 281 1
185 238 238 1
74 246 298 1
156 246 314 1
229 246 229 1
117 255 305 1
213 259 218 1
108 270 138 1
60 274 312 1
230 281 211 1
93 293 314 1
114 322 148 1
84 329 326 1
98 348 342 1
166 181 105 3
