256 22 235 1
170 24 350 1
103 38 117 1
168 48 124 1
256 51 73 1
185 61 66 1
181 62 107 1
184 75 90 1
238 96 90 1
125 103 96 1
105 112 98 1
183 112 276 1
267 115 87 1
227 117 104 1
206 119 113 1
178 132 281 1
183 148 297 1
132 151 76 1
256 159 96 1
219 168 118 1
244 168 104 1
106 169 77 1
186 171 163 1
60 175 87 1
165 181 343 1
264 202 104 1
49 209 84 1
230 216 295 1
201 217 146 1
183 231 332 1
27 232 280 1
35 233 82 1
242 240 314 1
217 254 346 1
25 267 101 1
24 335 18 1
182 59 66 3
177 152 197 3
