114 47 343 1
107 51 284 1
105 59 336 1
126 88 349 1
124 113 120 1
140 123 107 1
145 124 66 1
143 138 87 1
193 155 84 1
191 176 101 1
143 178 273 1
227 178 273 1
166 181 107 1
226 187 319 1
272 188 117 1
300 195 256 1
140 197 278 1
221 200 326 1
47 205 91 1
217 206 312 1
211 209 276 1
268 209 150 1
291 209 104 1
145 213 293 1
248 214 328 1
295 221 93 1
64 222 73 1
129 231 248 1
181 231 118 1
206 231 104 1
150 234 156 1
128 245 346 1
200 274 290 1
140 121 68 3
135 228 175 3
