178 20 177 1
126 38 340 1
250 86 59 1
92 97 131 1
158 99 0 1
242 102 229 1
90 118 117 1
147 130 120 1
242 131 73 1
171 142 66 1
166 143 104 1
169 154 84 1
224 178 87 1
112 181 96 1
63 185 103 1
213 196 98 1
254 196 87 1
86 198 96 1
174 199 273 1
192 203 113 1
61 208 278 1
175 211 287 1
73 234 91 1
118 238 70 1
243 242 93 1
160 245 256 1
153 246 248 1
164 246 315 1
102 251 80 1
206 251 118 1
231 253 104 1
173 254 162 1
150 263 352 1
224 296 293 1
166 141 67 3
155 278 228 3
