224 20 38 1
62 23 322 1
51 27 314 1
228 59 225 1
213 83 42 1
187 100 28 1
145 101 338 1
115 112 136 1
84 117 297 1
139 121 322 1
158 126 135 1
91 127 308 1
259 129 249 1
95 131 315 1
68 133 84 1
117 133 136 1
122 135 128 1
62 137 87 1
180 145 82 1
42 155 84 1
88 155 301 1
251 155 90 1
110 162 114 1
83 167 262 1
97 170 302 1
37 171 84 1
55 191 69 1
92 191 270 1
222 191 104 1
165 194 287 1
77 197 248 1
90 201 253 1
207 206 114 1
184 207 125 1
168 208 304 1
153 213 278 1
35 218 68 1
246 218 101 1
154 232 301 1
266 233 89 1
143 242 270 1
223 252 107 1
187 257 132 1
210 260 117 1
246 295 93 1
223 303 117 1
193 308 305 1
169 323 316 1
213 334 304 1
120 336 194 1
189 339 329 1
162 346 357 1
184 353 180 1
172 139 79 3
132 272 238 3
