153 84 3 1
239 85 233 1
148 106 128 1
237 112 73 1
160 118 107 1
164 118 68 1
162 130 87 1
217 153 90 1
104 165 93 1
205 174 101 1
247 177 90 1
184 180 113 1
162 181 285 1
156 192 280 1
115 207 77 1
164 207 293 1
156 217 270 1
235 219 96 1
145 226 253 1
151 226 259 1
91 227 84 1
198 229 118 1
222 232 104 1
143 242 346 1
243 266 107 1
207 280 298 1
235 290 290 1
103 300 226 1
217 307 333 1
190 321 346 1
155 325 174 1
179 328 354 1
157 333 3 1
161 117 66 3
155 230 179 3
