227 13 82 1
148 14 82 1
135 17 267 1
186 23 259 1
94 24 264 1
182 35 246 1
189 42 253 1
196 55 281 1
205 58 152 1
258 63 70 1
168 64 49 1
96 66 91 1
140 67 76 1
233 68 90 1
224 72 114 1
193 73 338 1
244 86 91 1
174 89 45 1
103 95 90 1
124 101 76 1
171 103 38 1
261 108 101 1
78 109 98 1
160 119 48 1
269 127 135 1
212 131 333 1
247 133 302 1
135 143 246 1
174 144 226 1
94 157 89 1
146 164 214 1
119 165 231 1
112 175 188 1
204 175 184 1
153 191 176 1
136 192 169 1
178 194 186 1
228 221 352 1
171 232 163 1
239 240 169 1
223 258 345 1
26 312 93 1
193 55 194 3
