227 24 27 1
204 29 141 1
179 32 319 1
274 41 62 1
244 63 214 1
44 65 276 1
270 68 243 1
217 79 117 1
262 80 69 1
250 86 229 1
223 89 93 1
42 95 110 1
41 119 98 1
193 119 276 1
172 120 93 1
204 122 84 1
283 127 87 1
238 139 253 1
242 139 262 1
43 144 98 1
236 148 246 1
243 159 281 1
49 160 93 1
54 163 267 1
59 171 107 1
193 173 79 1
222 173 53 1
241 173 242 1
265 178 128 1
88 179 11 1
286 180 94 1
259 182 276 1
268 183 276 1
254 186 262 1
272 186 131 1
69 187 53 1
47 193 273 1
226 199 46 1
46 200 84 1
63 202 79 1
83 206 59 1
28 209 273 1
229 214 27 1
217 230 44 1
42 232 70 1
259 241 343 1
183 246 250 1
28 250 76 1
302 251 150 1
217 253 233 1
48 262 39 1
53 263 248 1
43 281 93 1
15 288 90 1
250 288 186 1
30 319 278 1
20 320 270 1
44 345 215 1
221 86 53 3
257 186 198 3
