135 63 149 1
176 63 186 1
166 103 18 1
225 106 229 1
111 110 131 1
121 112 315 1
213 113 58 1
148 116 136 1
92 132 121 1
77 138 129 1
189 140 214 1
211 149 242 1
230 153 248 1
88 154 124 1
163 155 118 1
206 155 65 1
194 161 225 1
242 166 73 1
170 171 86 1
177 173 70 1
104 181 107 1
237 189 253 1
139 193 273 1
120 198 90 1
150 200 84 1
243 200 79 1
27 203 287 1
225 204 80 1
39 210 294 1
185 216 259 1
106 219 101 1
179 223 248 1
82 232 100 1
39 243 281 1
169 252 53 1
188 253 242 1
141 257 76 1
234 258 93 1
205 261 278 1
263 267 264 1
174 279 46 1
242 281 101 1
169 291 38 1
164 309 45 1
232 313 149 1
210 320 340 1
236 322 294 1
168 163 53 3
208 283 158 3
