198 24 34 1
231 67 52 1
149 70 14 1
130 74 134 1
216 74 229 1
104 78 314 1
203 80 59 1
240 88 65 1
174 105 210 1
195 110 235 1
192 118 65 1
216 118 248 1
148 121 113 1
182 129 228 1
230 133 70 1
164 138 70 1
127 162 270 1
141 164 79 1
219 165 77 1
103 167 96 1
176 178 256 1
106 181 84 1
256 182 253 1
36 188 278 1
168 189 248 1
84 196 98 1
178 201 267 1
99 203 266 1
173 211 239 1
160 218 49 1
225 218 87 1
284 220 79 1
132 224 73 1
216 225 104 1
197 227 273 1
204 228 136 1
255 228 267 1
105 229 79 1
190 233 239 1
245 234 79 1
165 243 45 1
207 244 291 1
168 259 24 1
153 275 48 1
205 284 336 1
154 128 53 3
198 243 158 3
