62 23 322 1
243 24 204 1
270 24 59 1
49 32 307 1
219 61 41 1
195 68 152 1
261 87 76 1
280 92 252 1
230 103 226 1
197 111 125 1
84 116 297 1
253 120 255 1
55 122 281 1
242 123 82 1
229 126 243 1
152 128 287 1
208 130 84 1
39 131 278 1
95 131 314 1
48 132 93 1
85 134 285 1
68 136 82 1
62 137 87 1
165 143 290 1
174 149 96 1
75 150 267 1
42 157 84 1
79 164 284 1
37 170 87 1
208 175 276 1
254 175 103 1
202 179 270 1
198 184 262 1
55 192 69 1
204 197 293 1
82 199 245 1
150 199 90 1
178 204 70 1
198 212 253 1
36 218 68 1
206 223 281 1
212 224 293 1
21 225 86 1
241 228 110 1
224 231 136 1
180 232 55 1
212 236 304 1
265 236 87 1
207 237 236 1
174 247 42 1
180 248 253 1
241 255 121 1
159 261 59 1
252 272 110 1
200 283 357 1
154 284 248 1
242 300 302 1
277 301 248 1
270 309 225 1
177 329 203 1
254 303 -1 -1 -1 2
201 118 65 3
209 246 167 3
