153 30 10 1
205 40 59 1
227 43 239 1
136 44 138 1
248 51 66 1
179 66 214 1
201 75 242 1
154 76 135 1
201 82 70 1
154 84 107 1
190 94 240 1
164 98 70 1
157 101 82 1
137 127 82 1
123 128 273 1
219 135 87 1
175 138 259 1
172 149 243 1
182 155 270 1
156 170 58 1
183 175 266 1
130 176 80 1
264 181 73 1
221 186 93 1
178 190 235 1
208 191 134 1
153 195 51 1
52 205 276 1
239 205 90 1
249 230 107 1
150 235 46 1
254 246 135 1
196 248 340 1
240 255 294 1
157 259 228 1
255 260 318 1
182 297 188 1
155 85 53 3
186 186 198 3
