160 15 183 1
140 52 158 1
139 57 354 1
179 59 191 1
132 61 149 1
65 68 311 1
99 74 318 1
192 78 203 1
220 78 55 1
226 78 224 1
198 83 48 1
81 93 113 1
86 95 301 1
174 97 39 1
123 98 325 1
230 108 238 1
141 111 136 1
175 115 194 1
255 119 68 1
157 124 128 1
194 126 59 1
146 136 117 1
220 140 239 1
134 147 305 1
91 162 100 1
234 162 76 1
125 166 86 1
70 182 100 1
113 188 91 1
83 196 276 1
224 203 90 1
239 209 83 1
292 212 248 1
85 245 97 1
227 258 101 1
279 266 246 1
91 270 93 1
236 277 97 1
254 278 72 1
65 281 107 1
255 305 76 1
152 307 51 1
194 312 352 1
73 313 96 1
138 314 233 1
252 322 319 1
268 322 205 1
108 323 262 1
245 335 333 1
258 337 174 1
101 341 235 1
127 343 222 1
239 344 322 1
92 351 193 1
166 127 66 3
