126 40 158 1
206 45 217 1
120 47 349 1
111 52 145 1
164 52 195 1
195 57 218 1
82 58 323 1
65 84 114 1
125 90 138 1
150 90 24 1
107 92 326 1
69 95 295 1
219 98 235 1
213 107 65 1
262 107 256 1
195 115 235 1
248 117 60 1
166 119 207 1
168 139 207 1
139 140 104 1
190 144 66 1
74 147 98 1
275 170 243 1
53 172 101 1
97 179 93 1
141 179 80 1
120 183 270 1
231 187 73 1
257 187 66 1
70 188 273 1
168 195 259 1
222 198 87 1
158 201 250 1
166 209 256 1
219 217 266 1
172 223 276 1
179 223 281 1
122 230 76 1
188 230 156 1
71 231 96 1
150 236 52 1
244 242 70 1
173 245 345 1
234 252 79 1
81 257 90 1
202 257 142 1
216 258 281 1
153 259 44 1
102 265 79 1
231 266 96 1
214 269 127 1
150 272 42 1
244 281 98 1
139 289 49 1
191 303 340 1
265 303 200 1
238 305 287 1
112 309 248 1
154 316 228 1
103 317 256 1
144 142 69 3
174 227 175 3
