174 45 3 1
124 67 330 1
103 72 135 1
242 103 32 1
160 117 346 1
117 136 120 1
227 145 49 1
201 151 46 1
233 167 62 1
193 170 66 1
177 184 73 1
93 185 293 1
108 190 104 1
169 190 101 1
148 191 295 1
160 193 103 1
132 206 93 1
167 233 264 1
79 234 98 1
173 240 283 1
250 242 82 1
236 248 93 1
171 261 250 1
177 268 284 1
144 270 65 1
96 275 87 1
206 278 114 1
243 282 94 1
161 308 27 1
219 310 111 1
188 314 179 1
126 320 59 1
201 320 141 1
125 330 250 1
174 181 66 3
176 292 215 3
