225 21 41 1
156 37 183 1
216 76 233 1
175 79 191 1
189 80 212 1
201 83 222 1
206 99 210 1
213 100 66 1
210 109 210 1
209 115 207 1
143 138 346 1
202 138 207 1
213 149 222 1
94 160 117 1
230 166 248 1
181 173 45 1
233 180 235 1
245 180 76 1
177 191 66 1
237 202 68 1
162 204 65 1
156 207 110 1
39 215 278 1
54 215 278 1
32 216 98 1
130 216 294 1
144 224 93 1
116 227 93 1
150 249 267 1
223 272 90 1
157 285 248 1
163 285 287 1
136 297 59 1
158 297 235 1
164 297 301 1
194 297 111 1
166 302 191 1
81 305 84 1
168 315 302 1
167 322 197 1
207 334 113 1
148 337 17 1
189 343 139 1
162 204 70 3
