119 64 349 1
75 85 121 1
186 88 48 1
160 99 48 1
192 115 62 1
151 117 66 1
137 130 77 1
50 135 291 1
66 138 104 1
130 139 107 1
141 141 87 1
105 144 297 1
119 151 96 1
90 160 96 1
124 175 270 1
132 190 281 1
195 199 93 1
215 200 84 1
239 215 264 1
107 225 55 1
51 229 84 1
164 229 114 1
138 231 194 1
206 233 96 1
221 252 90 1
118 257 23 1
178 260 115 1
158 277 152 1
70 290 242 1
162 305 309 1
175 307 312 1
206 309 294 1
186 317 333 1
126 329 188 1
137 133 70 3
132 212 199 3
