91 13 333 1
219 37 38 1
206 55 37 1
165 67 186 1
230 67 217 1
172 77 35 1
125 82 343 1
80 87 124 1
163 108 53 1
195 124 63 1
149 125 62 1
135 128 55 1
127 135 113 1
70 138 291 1
140 144 82 1
89 148 105 1
81 161 100 1
250 169 72 1
120 176 277 1
32 183 115 1
131 192 287 1
209 197 89 1
193 203 93 1
134 211 298 1
45 226 89 1
98 237 62 1
161 238 125 1
189 248 98 1
141 268 173 1
115 270 11 1
216 270 94 1
158 271 136 1
169 276 115 1
233 282 84 1
166 295 293 1
65 300 235 1
63 309 35 1
202 311 293 1
180 315 309 1
157 318 336 1
190 323 338 1
84 331 207 1
163 341 15 1
187 341 4 1
123 343 193 1
130 130 82 3
128 218 205 3
