80 11 96 1
96 14 90 1
153 19 111 1
135 24 281 1
209 29 84 1
180 34 87 1
171 35 98 1
244 35 72 1
232 38 79 1
159 43 108 1
129 44 264 1
134 45 302 1
146 47 139 1
60 50 93 1
116 66 31 1
89 80 69 1
200 104 100 1
130 132 359 1
156 134 174 1
70 150 231 1
93 150 27 1
120 150 200 1
161 151 325 1
88 152 229 1
197 154 304 1
235 172 301 1
177 187 357 1
216 188 338 1
148 190 8 1
117 205 13 1
104 211 200 1
148 211 188 1
200 217 183 1
98 220 11 1
113 235 194 1
133 242 180 1
180 244 6 1
119 249 0 1
130 55 182 3
