101 14 356 1
119 14 183 1
177 15 66 1
102 37 3 1
76 44 307 1
105 62 79 1
100 72 98 1
59 97 93 1
97 108 284 1
109 109 118 1
171 118 86 1
133 122 101 1
145 126 96 1
120 128 111 1
91 129 264 1
194 132 84 1
208 136 80 1
77 150 37 1
49 163 73 1
158 192 105 1
86 215 6 1
118 221 167 1
73 235 212 1
117 237 326 1
151 244 307 1
190 265 301 1
127 275 0 1
103 277 11 1
166 279 346 1
68 289 15 1
57 295 203 1
97 298 195 1
51 304 14 1
149 307 186 1
64 320 197 1
104 60 69 3
90 147 216 3
