107 18 158 1
120 27 31 1
100 62 359 1
75 72 305 1
107 87 76 1
102 89 96 1
189 110 63 1
44 120 96 1
61 122 90 1
199 129 41 1
39 130 278 1
205 141 37 1
138 143 97 1
176 144 83 1
151 148 96 1
94 151 264 1
126 151 108 1
206 154 39 1
100 157 284 1
195 157 72 1
233 177 228 1
206 179 77 1
93 180 259 1
246 180 79 1
226 187 264 1
262 192 256 1
59 194 66 1
166 218 103 1
247 222 70 1
94 242 0 1
127 246 165 1
54 250 39 1
83 261 205 1
132 264 322 1
169 268 300 1
54 270 222 1
143 276 333 1
162 293 346 1
138 302 3 1
114 303 11 1
81 317 17 1
111 326 194 1
164 335 186 1
104 81 68 3
94 182 180 3
