120 40 8 1
92 55 304 1
119 75 98 1
123 86 90 1
60 103 98 1
77 106 93 1
54 117 278 1
128 117 115 1
154 124 97 1
196 126 87 1
39 135 90 1
141 136 110 1
110 137 264 1
117 137 283 1
166 138 96 1
247 177 89 1
74 179 66 1
235 190 84 1
240 191 264 1
181 197 105 1
175 206 287 1
149 209 145 1
225 212 271 1
232 213 96 1
280 216 96 1
111 227 0 1
142 229 160 1
271 229 273 1
69 236 39 1
47 245 218 1
98 246 204 1
141 246 325 1
70 257 221 1
160 258 328 1
184 259 304 1
192 264 152 1
72 276 203 1
155 283 0 1
126 287 6 1
125 309 190 1
181 315 180 1
171 323 354 1
310 331 114 1
124 69 65 3
110 165 177 3
