143 29 322 1
114 31 311 1
168 39 340 1
182 50 153 1
195 62 24 1
107 72 113 1
185 74 18 1
213 82 211 1
199 84 191 1
186 87 25 1
209 92 59 1
224 96 68 1
191 97 200 1
167 99 328 1
182 137 96 1
187 146 93 1
126 152 101 1
120 161 281 1
142 161 93 1
192 165 273 1
193 168 114 1
182 172 274 1
218 182 98 1
173 185 267 1
226 185 100 1
204 192 107 1
177 193 309 1
191 196 141 1
102 197 90 1
160 216 38 1
132 230 69 1
243 259 105 1
172 284 3 1
199 287 174 1
133 298 37 1
130 303 232 1
162 304 207 1
205 304 323 1
238 309 305 1
220 324 333 1
214 343 357 1
190 346 11 1
191 76 23 3
171 212 176 3
