139 26 113 1
151 26 68 1
81 29 110 1
183 29 242 1
277 40 243 1
218 41 76 1
176 42 87 1
209 44 87 1
188 50 84 1
100 59 93 1
124 65 79 1
159 70 101 1
256 70 73 1
146 75 270 1
85 85 87 1
137 87 259 1
58 93 93 1
238 95 90 1
123 106 62 1
139 112 248 1
238 117 93 1
256 119 73 1
159 120 287 1
137 127 242 1
146 136 287 1
137 137 238 1
141 137 278 1
161 139 141 1
251 140 100 1
218 144 115 1
176 155 307 1
106 157 238 1
183 159 136 1
220 162 290 1
228 165 301 1
147 167 152 1
106 171 221 1
71 195 214 1
161 200 328 1
192 204 319 1
149 205 167 1
172 217 340 1
80 218 198 1
202 228 340 1
153 229 356 1
139 139 175 3
