230 31 191 1
192 57 7 1
160 81 163 1
99 115 322 1
172 120 8 1
280 120 58 1
131 135 127 1
164 135 354 1
281 143 63 1
112 164 113 1
214 165 239 1
174 166 98 1
179 170 87 1
206 178 87 1
249 180 79 1
239 182 87 1
218 186 87 1
129 197 93 1
155 197 87 1
171 205 270 1
286 207 73 1
191 211 107 1
114 219 90 1
181 224 290 1
164 232 257 1
267 236 90 1
187 251 284 1
267 258 96 1
182 270 298 1
176 271 281 1
188 273 139 1
167 281 210 1
246 281 114 1
168 286 328 1
132 291 239 1
210 292 145 1
200 295 322 1
226 296 125 1
133 305 222 1
222 317 305 1
177 159 65 3
168 281 186 3
