158 26 8 1
119 56 163 1
250 77 52 1
67 89 319 1
243 90 49 1
135 93 1 1
96 111 121 1
160 114 45 1
248 115 59 1
181 138 233 1
75 141 114 1
147 146 84 1
173 148 82 1
217 151 73 1
206 152 82 1
187 161 84 1
39 164 284 1
104 165 98 1
124 169 84 1
250 175 72 1
141 180 264 1
161 184 104 1
84 191 87 1
151 196 287 1
58 199 97 1
138 199 256 1
238 200 87 1
45 208 281 1
121 212 62 1
139 223 248 1
239 223 94 1
160 225 288 1
250 230 80 1
135 232 240 1
160 245 297 1
157 248 136 1
217 250 113 1
147 251 291 1
228 260 287 1
238 260 114 1
195 261 297 1
141 263 181 1
179 263 301 1
190 263 117 1
104 264 239 1
199 265 121 1
159 270 138 1
106 279 221 1
168 279 110 1
203 281 297 1
215 288 122 1
145 291 166 1
201 296 305 1
185 304 278 1
145 308 172 1
157 309 145 1
141 137 63 3
144 251 195 3
