108 80 346 1
214 88 23 1
213 102 27 1
87 124 135 1
249 149 35 1
117 153 340 1
149 160 20 1
172 169 204 1
215 170 52 1
204 173 58 1
261 178 46 1
88 186 98 1
189 188 59 1
175 189 59 1
257 212 68 1
177 222 82 1
84 223 83 1
140 223 58 1
283 224 62 1
156 228 243 1
273 236 76 1
171 242 257 1
116 243 66 1
162 246 229 1
183 246 264 1
260 257 83 1
114 265 60 1
171 266 222 1
157 270 37 1
199 278 276 1
268 279 266 1
277 286 285 1
207 288 107 1
223 288 278 1
233 294 114 1
188 306 177 1
260 317 103 1
160 325 217 1
200 329 143 1
173 339 188 1
141 189 46 3
186 292 156 3
