160 40 11 1
124 68 166 1
251 97 52 1
67 99 323 1
138 107 11 1
246 111 58 1
151 117 181 1
132 120 352 1
96 122 127 1
161 128 52 1
248 138 63 1
76 152 118 1
179 154 242 1
143 158 87 1
171 168 93 1
213 172 79 1
204 173 90 1
183 178 93 1
93 182 98 1
117 187 84 1
139 197 270 1
244 198 72 1
154 200 113 1
77 202 93 1
145 205 293 1
50 211 98 1
146 224 295 1
231 230 93 1
132 241 274 1
245 247 79 1
126 249 253 1
230 252 103 1
144 253 301 1
125 260 242 1
150 268 141 1
91 276 240 1
206 276 122 1
129 279 183 1
25 280 53 1
162 282 312 1
170 288 145 1
92 294 225 1
205 297 295 1
214 300 305 1
56 314 221 1
142 329 332 1
132 330 170 1
138 150 65 3
130 265 186 3
