193 52 188 1
155 79 7 1
130 110 160 1
246 125 44 1
241 137 49 1
70 148 314 1
109 165 124 1
163 167 45 1
248 167 53 1
153 174 48 1
275 177 238 1
149 193 98 1
154 199 87 1
85 200 110 1
218 212 65 1
179 220 262 1
217 231 87 1
131 232 79 1
104 233 87 1
246 235 250 1
259 237 70 1
118 245 267 1
243 251 84 1
46 252 101 1
91 257 82 1
120 258 68 1
65 261 91 1
238 272 98 1
124 286 65 1
246 291 97 1
224 302 110 1
118 322 235 1
163 329 271 1
114 341 222 1
162 341 293 1
211 345 136 1
223 348 298 1
151 158 96 3
