139 22 4 1
190 47 35 1
218 54 226 1
234 55 55 1
173 60 31 1
113 66 354 1
149 72 17 1
95 73 141 1
67 76 322 1
115 77 0 1
104 88 121 1
247 91 232 1
145 93 44 1
82 100 118 1
238 100 51 1
47 114 304 1
167 117 232 1
164 130 75 1
67 131 110 1
195 132 82 1
206 132 73 1
244 136 52 1
171 144 76 1
84 157 93 1
112 158 76 1
247 160 68 1
135 167 266 1
150 169 101 1
137 183 277 1
128 185 256 1
74 188 82 1
151 189 284 1
225 189 87 1
48 192 91 1
249 199 256 1
113 200 59 1
156 200 120 1
135 211 256 1
254 212 93 1
147 223 294 1
139 229 281 1
171 245 302 1
134 251 180 1
99 252 233 1
168 266 129 1
102 274 214 1
146 300 165 1
130 120 61 3
134 233 171 3
