192 16 224 1
159 29 93 1
167 30 62 1
74 44 284 1
128 51 90 1
174 55 70 1
167 61 75 1
83 70 103 1
165 80 76 1
107 84 90 1
175 97 253 1
139 104 77 1
166 105 256 1
182 113 70 1
86 124 87 1
205 138 66 1
191 143 63 1
212 161 250 1
187 163 248 1
253 163 238 1
218 185 59 1
187 188 84 1
177 197 253 1
203 202 267 1
276 203 214 1
212 210 45 1
190 212 262 1
277 218 200 1
206 223 245 1
248 225 207 1
181 230 232 1
123 235 240 1
160 236 232 1
146 243 226 1
229 245 197 1
135 259 214 1
200 264 193 1
171 275 193 1
184 275 3 1
238 287 166 1
20 330 31 1
