98 14 156 1
182 16 203 1
154 47 31 1
104 54 143 1
285 73 239 1
143 79 177 1
142 86 24 1
252 97 233 1
142 103 156 1
213 111 235 1
237 113 59 1
128 118 343 1
174 118 226 1
142 121 45 1
137 128 148 1
54 131 287 1
136 132 93 1
103 138 97 1
149 148 73 1
58 152 107 1
143 159 76 1
261 165 62 1
289 166 243 1
83 169 93 1
136 175 76 1
112 194 80 1
65 201 94 1
290 201 246 1
140 202 259 1
150 232 65 1
274 233 246 1
224 250 243 1
268 257 231 1
158 258 250 1
146 271 66 1
188 276 233 1
243 301 217 1
91 311 242 1
248 314 200 1
149 315 238 1
176 318 222 1
213 322 208 1
136 328 226 1
119 332 226 1
201 339 194 1
137 124 56 3
