156 34 31 1
98 37 135 1
141 58 177 1
143 64 24 1
249 78 235 1
143 80 158 1
210 86 233 1
123 91 336 1
171 91 221 1
235 91 59 1
52 120 287 1
107 122 96 1
152 127 73 1
145 134 76 1
60 142 104 1
258 142 66 1
138 149 75 1
84 156 93 1
151 168 256 1
141 175 262 1
113 178 82 1
155 185 70 1
68 195 90 1
153 204 68 1
161 234 250 1
223 237 239 1
260 247 238 1
148 251 68 1
177 268 245 1
235 277 229 1
234 300 214 1
146 302 239 1
178 302 221 1
219 309 210 1
207 331 198 1
140 109 57 3
