166 16 3 1
172 29 8 1
214 34 203 1
129 36 149 1
193 70 35 1
140 71 142 1
179 95 180 1
182 107 32 1
181 119 169 1
206 125 222 1
288 127 239 1
160 128 339 1
247 133 242 1
269 134 62 1
173 147 98 1
88 153 290 1
140 154 100 1
99 167 111 1
185 167 76 1
179 178 80 1
118 189 96 1
170 194 270 1
175 194 84 1
58 203 107 1
181 203 259 1
144 215 84 1
185 225 76 1
100 228 90 1
181 253 73 1
190 292 252 1
207 292 248 1
174 302 70 1
172 313 259 1
204 318 246 1
219 318 56 1
175 148 57 3
