99 57 346 1
162 66 197 1
119 73 0 1
66 84 333 1
132 87 11 1
247 91 245 1
87 93 149 1
173 96 203 1
151 128 31 1
95 137 134 1
138 154 174 1
139 169 23 1
248 174 229 1
135 177 141 1
236 181 53 1
209 184 235 1
135 187 104 1
168 188 224 1
137 193 87 1
53 210 287 1
104 216 94 1
164 220 63 1
64 232 107 1
151 240 70 1
234 248 243 1
85 249 87 1
182 256 243 1
191 277 68 1
116 279 79 1
69 283 91 1
168 292 68 1
156 310 68 1
230 320 238 1
247 326 240 1
166 334 248 1
182 339 243 1
135 193 62 3
