126 10 118 1
108 18 118 1
238 26 59 1
254 30 59 1
120 38 115 1
107 39 298 1
191 45 118 1
131 53 295 1
196 53 101 1
103 54 114 1
135 59 107 1
200 67 96 1
78 74 114 1
254 78 82 1
192 84 276 1
228 91 96 1
146 93 87 1
173 101 83 1
87 108 103 1
251 123 269 1
194 128 260 1
161 129 70 1
205 131 281 1
223 138 107 1
71 139 113 1
118 144 76 1
181 144 248 1
195 150 267 1
262 154 98 1
148 159 72 1
84 161 84 1
182 161 243 1
230 165 118 1
67 167 93 1
204 181 298 1
195 182 285 1
197 193 190 1
72 198 253 1
88 198 253 1
171 199 23 1
115 208 256 1
178 214 214 1
84 217 221 1
171 223 17 1
257 225 343 1
116 227 233 1
105 234 218 1
173 236 14 1
236 236 319 1
79 241 191 1
165 243 229 1
229 259 350 1
131 264 197 1
20 279 287 1
214 279 349 1
196 45 70 3
193 200 215 3
