174 17 345 1
184 27 4 1
204 52 184 1
177 65 359 1
119 66 138 1
78 67 316 1
150 70 346 1
247 76 37 1
110 88 318 1
165 90 160 1
233 99 207 1
78 100 128 1
105 118 117 1
88 125 117 1
217 127 55 1
234 127 49 1
102 142 114 1
86 143 294 1
179 153 98 1
172 154 104 1
85 163 113 1
183 168 90 1
261 180 70 1
60 185 110 1
176 189 270 1
131 191 90 1
212 191 93 1
245 191 84 1
158 201 82 1
230 208 80 1
72 214 98 1
237 222 257 1
148 225 66 1
189 228 273 1
181 229 256 1
211 238 104 1
58 248 107 1
106 249 75 1
251 254 96 1
180 257 248 1
186 259 274 1
171 262 238 1
137 263 66 1
219 267 118 1
178 268 248 1
71 271 77 1
177 281 233 1
152 290 37 1
187 291 197 1
108 297 62 1
113 298 243 1
196 300 169 1
122 306 68 1
84 308 245 1
133 311 248 1
157 311 11 1
141 322 62 1
116 324 238 1
134 328 248 1
233 334 314 1
170 335 357 1
213 343 335 1
178 148 68 3
184 283 197 3
