197 90 346 1
204 104 354 1
213 136 169 1
93 143 328 1
137 148 145 1
197 150 354 1
164 157 346 1
125 170 325 1
91 176 139 1
184 180 167 1
240 187 205 1
114 201 128 1
243 202 48 1
96 205 127 1
227 208 53 1
93 224 304 1
109 225 121 1
120 233 307 1
89 235 118 1
122 242 114 1
62 251 124 1
190 252 98 1
211 265 89 1
242 267 84 1
132 269 93 1
180 270 278 1
70 279 107 1
155 287 76 1
231 289 90 1
242 296 264 1
51 304 110 1
145 304 70 1
193 307 285 1
182 310 260 1
213 310 110 1
97 319 79 1
173 329 239 1
58 333 82 1
131 333 66 1
180 334 248 1
188 334 281 1
183 337 270 1
216 340 118 1
188 239 70 3
