224 30 203 1
196 32 13 1
229 46 203 1
212 57 186 1
85 59 325 1
240 59 204 1
132 64 142 1
196 65 8 1
156 72 352 1
117 83 322 1
83 90 136 1
173 97 170 1
227 106 208 1
105 115 125 1
88 119 125 1
232 131 53 1
216 132 59 1
85 139 302 1
100 141 117 1
79 150 118 1
170 158 114 1
56 168 115 1
266 183 68 1
168 188 281 1
199 191 93 1
122 195 90 1
229 196 87 1
63 203 107 1
266 206 79 1
145 209 79 1
217 217 93 1
138 222 77 1
243 228 87 1
227 229 269 1
185 231 290 1
45 232 113 1
261 232 73 1
169 233 263 1
199 238 107 1
93 245 79 1
159 249 243 1
235 253 103 1
40 260 101 1
174 261 284 1
53 262 84 1
23 264 290 1
166 268 248 1
249 268 90 1
203 270 124 1
161 280 238 1
87 284 76 1
148 286 235 1
100 292 249 1
135 292 38 1
126 297 73 1
174 301 177 1
142 314 37 1
95 318 246 1
147 327 23 1
149 327 7 1
212 329 315 1
188 344 343 1
174 156 69 3
168 283 200 3
