183 39 167 1
167 57 352 1
220 64 21 1
111 69 129 1
135 69 336 1
221 80 197 1
160 87 153 1
101 91 308 1
72 107 118 1
228 107 39 1
212 111 46 1
99 124 110 1
84 136 110 1
86 146 287 1
173 146 98 1
178 148 87 1
101 154 101 1
184 156 82 1
113 160 285 1
119 167 96 1
240 170 70 1
210 171 77 1
86 174 98 1
179 175 270 1
52 179 287 1
236 194 79 1
67 197 101 1
141 199 72 1
248 201 249 1
167 202 65 1
265 204 73 1
200 214 264 1
191 217 250 1
159 219 58 1
83 222 89 1
265 232 84 1
186 237 228 1
199 238 248 1
281 240 79 1
240 243 103 1
200 249 259 1
122 253 60 1
79 257 93 1
207 257 287 1
156 261 56 1
190 276 218 1
92 278 70 1
217 285 159 1
165 304 28 1
262 304 298 1
148 306 243 1
191 316 8 1
244 324 328 1
143 325 217 1
171 327 208 1
178 145 61 3
203 266 201 3
