229 15 201 1
185 29 183 1
112 34 138 1
167 38 11 1
135 42 352 1
99 53 319 1
234 59 44 1
151 68 166 1
203 76 208 1
89 87 121 1
71 93 118 1
197 106 58 1
214 106 51 1
69 115 301 1
82 123 110 1
94 129 295 1
68 131 113 1
151 132 104 1
98 135 104 1
281 149 62 1
262 157 68 1
153 166 273 1
184 167 89 1
252 167 75 1
213 170 82 1
109 173 84 1
133 187 76 1
204 192 87 1
211 196 259 1
152 202 262 1
125 208 68 1
231 210 84 1
169 211 280 1
187 218 104 1
82 227 79 1
148 227 243 1
160 228 264 1
226 234 96 1
156 236 253 1
255 238 72 1
194 244 117 1
238 244 87 1
154 249 239 1
159 250 290 1
164 250 298 1
74 263 60 1
152 268 219 1
94 273 243 1
239 275 101 1
172 276 162 1
252 279 66 1
89 294 238 1
208 305 307 1
185 322 338 1
200 337 342 1
155 127 66 3
156 253 173 3
