218 28 188 1
124 34 139 1
196 36 6 1
150 44 340 1
124 55 323 1
88 64 127 1
183 68 173 1
232 76 208 1
112 89 118 1
43 91 297 1
92 92 117 1
225 106 58 1
242 106 53 1
39 113 295 1
108 116 113 1
93 117 297 1
118 127 297 1
122 134 107 1
82 146 111 1
65 152 111 1
178 163 278 1
133 164 87 1
238 168 79 1
204 169 96 1
137 188 264 1
139 205 69 1
181 205 260 1
158 210 62 1
192 211 281 1
256 212 87 1
145 213 80 1
210 218 107 1
57 219 84 1
105 222 79 1
50 230 104 1
246 230 97 1
165 231 250 1
262 248 87 1
53 249 96 1
66 249 76 1
187 249 298 1
215 249 124 1
110 262 248 1
98 270 58 1
82 275 250 1
107 295 235 1
126 295 231 1
71 302 211 1
231 304 311 1
129 312 214 1
204 329 342 1
122 337 203 1
182 127 68 3
