214 25 3 1
227 52 184 1
175 58 342 1
107 61 318 1
200 67 3 1
131 68 329 1
247 70 28 1
210 83 187 1
214 98 187 1
242 100 194 1
228 101 13 1
205 110 167 1
132 118 118 1
115 124 117 1
239 124 56 1
114 145 297 1
128 147 113 1
203 158 101 1
137 159 297 1
116 160 115 1
197 160 107 1
142 164 104 1
207 174 96 1
64 179 298 1
87 181 114 1
228 185 86 1
252 191 77 1
198 193 276 1
178 218 79 1
99 219 101 1
276 232 87 1
201 235 262 1
168 237 68 1
161 240 73 1
80 247 113 1
211 249 278 1
127 253 77 1
204 258 262 1
270 260 76 1
185 261 246 1
243 265 111 1
75 274 98 1
88 275 82 1
208 277 294 1
161 279 62 1
117 293 62 1
192 295 222 1
137 304 245 1
200 305 194 1
105 314 245 1
150 315 250 1
159 320 44 1
251 331 308 1
95 332 219 1
138 335 235 1
193 336 354 1
127 337 232 1
109 339 222 1
160 340 233 1
229 348 338 1
204 157 70 3
202 285 176 3
