95 24 118 1
112 44 322 1
59 52 114 1
227 52 250 1
67 55 298 1
125 67 118 1
244 70 70 1
134 72 98 1
236 83 76 1
212 91 79 1
156 103 97 1
196 109 90 1
93 110 107 1
205 122 86 1
140 130 100 1
168 130 101 1
123 135 104 1
42 141 294 1
233 144 76 1
103 148 115 1
80 158 290 1
65 160 118 1
233 160 257 1
206 161 90 1
138 165 283 1
87 167 298 1
219 170 87 1
160 176 287 1
108 197 297 1
35 200 305 1
62 207 307 1
213 213 114 1
185 228 300 1
78 233 318 1
33 234 332 1
204 237 297 1
120 249 315 1
91 254 333 1
146 254 312 1
32 255 346 1
188 258 322 1
66 269 352 1
152 277 325 1
157 283 338 1
103 299 354 1
131 62 79 3
