171 11 177 1
72 34 312 1
202 46 44 1
239 46 53 1
127 48 336 1
152 67 165 1
270 71 228 1
195 77 55 1
124 90 329 1
106 110 121 1
39 128 304 1
236 129 248 1
119 131 314 1
69 136 114 1
76 137 298 1
253 146 68 1
136 154 117 1
243 166 70 1
228 175 82 1
208 181 90 1
169 184 96 1
107 192 107 1
178 203 96 1
220 203 84 1
154 214 100 1
51 223 298 1
238 228 256 1
118 230 113 1
92 238 290 1
220 240 90 1
77 243 125 1
235 244 82 1
155 247 281 1
100 254 297 1
172 265 287 1
122 280 298 1
68 285 315 1
83 305 156 1
95 310 153 1
81 312 325 1
141 149 79 3
