127 34 333 1
165 36 346 1
107 44 149 1
203 46 14 1
167 69 357 1
240 73 212 1
211 76 190 1
253 95 212 1
218 96 24 1
195 111 188 1
97 115 323 1
259 125 225 1
67 133 138 1
147 138 346 1
41 143 314 1
221 148 48 1
160 158 166 1
263 164 245 1
40 169 308 1
210 170 58 1
138 179 336 1
39 184 305 1
118 196 131 1
77 214 124 1
133 218 329 1
84 222 308 1
259 223 269 1
142 232 3 1
242 233 257 1
152 246 104 1
51 248 273 1
240 255 263 1
50 264 250 1
235 265 84 1
109 272 113 1
175 275 104 1
202 283 93 1
182 293 101 1
155 300 104 1
136 306 110 1
117 311 122 1
74 315 122 1
90 320 297 1
96 332 305 1
150 332 293 1
150 238 84 3
