213 35 180 1
117 55 314 1
243 67 41 1
170 68 336 1
94 83 122 1
190 86 156 1
240 98 58 1
167 109 329 1
150 129 118 1
164 149 312 1
84 151 300 1
277 155 249 1
114 156 114 1
121 157 297 1
178 162 347 1
188 162 82 1
182 169 114 1
191 173 93 1
48 182 304 1
80 187 121 1
59 189 129 1
274 197 79 1
218 206 96 1
243 212 84 1
153 213 104 1
225 223 96 1
268 225 84 1
200 233 97 1
183 241 101 1
97 250 297 1
165 250 113 1
204 261 278 1
126 262 118 1
141 263 288 1
149 270 297 1
220 283 287 1
69 290 297 1
91 305 312 1
169 308 293 1
138 326 301 1
223 326 104 1
163 330 108 1
152 333 136 1
187 165 77 3
