150 31 169 1
227 55 45 1
186 59 31 1
110 77 319 1
137 88 143 1
185 89 45 1
116 120 314 1
236 139 238 1
105 142 107 1
260 151 55 1
123 159 298 1
256 165 62 1
147 175 101 1
76 177 100 1
240 177 66 1
86 178 283 1
157 178 82 1
186 199 77 1
215 202 73 1
242 210 70 1
200 218 80 1
273 223 63 1
128 230 90 1
178 231 83 1
271 235 243 1
65 246 98 1
262 250 73 1
173 251 93 1
251 252 79 1
149 259 98 1
166 260 270 1
187 267 264 1
85 269 278 1
211 274 270 1
130 276 270 1
139 282 281 1
114 283 104 1
268 293 98 1
168 307 278 1
253 313 278 1
264 314 281 1
151 170 67 3
