220 15 23 1
199 32 183 1
101 47 314 1
151 64 338 1
78 67 125 1
227 68 46 1
265 76 59 1
174 84 163 1
219 97 59 1
46 100 302 1
146 107 329 1
130 126 121 1
65 145 301 1
142 148 314 1
94 153 114 1
102 156 298 1
255 159 255 1
166 162 76 1
156 163 345 1
159 171 114 1
166 174 100 1
61 181 127 1
250 197 84 1
191 207 97 1
129 212 107 1
223 219 93 1
29 225 294 1
200 227 98 1
243 229 87 1
158 240 104 1
177 241 101 1
75 242 297 1
24 247 281 1
140 249 117 1
24 259 297 1
99 259 118 1
178 261 281 1
114 263 291 1
240 272 93 1
246 279 267 1
25 284 307 1
191 288 291 1
26 297 307 1
63 302 312 1
140 304 298 1
92 319 307 1
104 333 322 1
106 338 160 1
63 340 335 1
110 341 323 1
165 165 77 3
