217 29 17 1
198 49 177 1
101 71 312 1
229 82 38 1
155 88 332 1
271 88 55 1
78 95 122 1
176 104 153 1
225 114 53 1
154 134 323 1
138 155 117 1
267 159 242 1
73 172 300 1
106 178 114 1
156 178 309 1
114 181 295 1
186 187 79 1
231 187 246 1
228 192 73 1
173 193 114 1
179 198 98 1
268 204 79 1
70 212 122 1
120 214 290 1
125 222 117 1
203 231 93 1
233 237 90 1
255 237 76 1
194 251 103 1
212 256 93 1
98 272 288 1
185 280 103 1
203 280 273 1
156 282 124 1
258 282 86 1
146 289 304 1
215 292 278 1
111 299 113 1
167 334 290 1
181 183 75 3
