148 35 136 1
201 44 235 1
161 58 55 1
156 60 90 1
161 67 70 1
145 72 87 1
202 101 250 1
132 102 89 1
163 110 76 1
91 129 93 1
242 162 98 1
156 163 73 1
225 165 270 1
76 171 107 1
177 175 250 1
245 177 110 1
83 179 93 1
230 184 294 1
208 186 276 1
41 188 107 1
216 189 290 1
246 193 110 1
191 196 250 1
180 198 243 1
188 200 21 1
243 207 79 1
237 209 142 1
87 215 79 1
237 219 93 1
281 224 256 1
241 229 76 1
224 239 149 1
276 239 253 1
281 241 76 1
252 244 253 1
293 250 264 1
260 251 76 1
237 256 84 1
300 257 82 1
234 266 122 1
117 275 52 1
141 279 39 1
137 303 245 1
186 304 186 1
158 58 46 3
196 198 182 3
