203 42 183 1
177 54 146 1
274 68 63 1
189 77 136 1
243 87 235 1
137 91 115 1
197 102 90 1
204 102 58 1
202 107 70 1
186 114 90 1
128 129 101 1
172 143 94 1
223 147 70 1
202 150 75 1
246 154 250 1
231 166 253 1
90 171 107 1
134 171 93 1
98 179 104 1
93 181 287 1
103 184 278 1
106 184 104 1
249 197 256 1
193 203 76 1
287 211 114 1
256 213 281 1
213 215 256 1
30 216 293 1
84 217 104 1
88 217 284 1
101 217 281 1
92 224 98 1
247 224 259 1
268 227 294 1
238 241 267 1
223 245 242 1
27 248 293 1
277 250 146 1
282 259 127 1
289 260 98 1
33 262 293 1
269 279 156 1
168 287 52 1
268 304 158 1
267 315 150 1
223 346 186 1
200 101 46 3
234 252 179 3
