275 49 236 1
166 51 169 1
155 62 139 1
255 64 56 1
208 75 215 1
167 80 131 1
116 98 113 1
180 112 93 1
80 116 287 1
179 132 84 1
51 141 104 1
230 146 249 1
157 155 91 1
188 160 77 1
148 176 278 1
150 176 273 1
240 202 253 1
253 214 274 1
33 215 284 1
53 218 100 1
184 221 68 1
241 231 273 1
236 232 253 1
231 234 238 1
156 236 264 1
209 247 240 1
159 252 68 1
188 268 245 1
100 276 80 1
199 281 17 1
66 289 70 1
89 296 256 1
124 317 59 1
96 319 236 1
162 331 218 1
191 335 197 1
188 111 46 3
