213 23 222 1
242 24 63 1
256 40 242 1
90 42 110 1
108 46 287 1
182 46 172 1
79 48 290 1
239 61 246 1
196 72 208 1
172 95 90 1
181 102 83 1
154 106 93 1
192 108 73 1
104 128 98 1
210 133 75 1
116 162 94 1
91 169 104 1
217 174 256 1
106 223 90 1
188 243 248 1
246 249 226 1
179 257 55 1
142 259 255 1
170 270 68 1
224 271 44 1
151 277 257 1
253 277 238 1
130 279 231 1
242 279 228 1
208 280 229 1
188 289 39 1
212 296 225 1
228 306 217 1
208 307 210 1
189 311 233 1
178 315 225 1
27 328 357 1
186 73 46 3
