279 30 240 1
254 36 229 1
275 44 250 1
263 52 218 1
247 57 205 1
155 81 3 1
167 86 177 1
117 139 329 1
122 144 134 1
213 158 217 1
133 168 127 1
290 177 228 1
40 179 297 1
242 179 55 1
209 180 217 1
80 188 118 1
293 188 222 1
86 201 107 1
294 202 219 1
178 203 159 1
239 203 240 1
108 205 284 1
263 215 53 1
300 218 82 1
178 222 101 1
289 226 238 1
181 230 90 1
187 236 63 1
277 244 58 1
174 247 90 1
182 257 77 1
156 265 90 1
195 265 72 1
105 274 97 1
214 287 72 1
120 316 94 1
180 220 40 3
