118 22 325 1
92 46 114 1
99 53 304 1
236 85 229 1
149 86 120 1
129 97 302 1
261 98 62 1
100 102 107 1
226 102 225 1
126 103 104 1
168 116 110 1
275 118 240 1
128 126 287 1
171 126 101 1
256 127 246 1
217 148 73 1
195 157 276 1
198 162 87 1
189 168 91 1
152 173 278 1
139 181 277 1
171 182 93 1
148 194 101 1
160 195 96 1
123 203 101 1
228 219 77 1
223 235 79 1
95 239 300 1
135 239 96 1
236 247 252 1
101 254 104 1
296 258 246 1
83 262 114 1
270 280 238 1
95 308 129 1
108 313 107 1
232 315 240 1
200 318 250 1
256 324 232 1
221 326 52 1
109 330 107 1
136 339 248 1
