165 22 58 1
92 37 101 1
165 44 84 1
77 48 101 1
139 62 86 1
118 68 89 1
159 72 270 1
186 73 101 1
213 88 96 1
224 88 90 1
197 89 100 1
170 96 281 1
231 97 84 1
159 101 259 1
108 103 80 1
224 116 270 1
178 118 107 1
159 126 269 1
152 127 248 1
167 129 281 1
175 139 281 1
109 142 73 1
197 145 111 1
167 152 266 1
157 153 235 1
215 154 103 1
174 155 293 1
146 156 53 1
174 172 294 1
167 185 253 1
182 192 293 1
95 195 63 1
162 199 246 1
174 202 278 1
147 213 243 1
110 223 239 1
216 232 298 1
179 233 309 1
71 235 233 1
195 240 308 1
88 241 236 1
181 267 349 1
212 268 134 1
177 285 194 1
114 287 210 1
97 302 194 1
91 307 3 1
105 315 183 1
162 226 176 3
