236 17 59 1
97 18 117 1
56 22 297 1
99 26 294 1
181 128 37 1
66 144 114 1
93 161 104 1
167 165 70 1
77 173 104 1
138 191 89 1
117 196 91 1
98 211 90 1
198 221 101 1
211 221 96 1
167 226 276 1
156 233 264 1
105 234 82 1
159 246 278 1
155 251 250 1
164 261 291 1
105 262 77 1
170 270 284 1
192 276 111 1
153 280 239 1
139 284 53 1
162 286 263 1
206 289 107 1
154 293 232 1
171 294 290 1
154 306 236 1
171 309 285 1
89 320 66 1
141 321 243 1
146 321 82 1
154 332 250 1
176 335 290 1
130 338 243 1
166 344 276 1
164 164 62 3
