178 100 177 1
112 120 332 1
141 120 346 1
176 153 6 1
173 174 23 1
231 186 66 1
67 196 114 1
257 205 70 1
95 211 104 1
78 227 98 1
141 238 84 1
121 243 91 1
188 246 97 1
163 251 264 1
102 260 87 1
215 263 93 1
226 263 90 1
199 264 97 1
172 271 284 1
238 275 87 1
267 278 82 1
111 281 82 1
159 285 259 1
226 291 270 1
181 296 108 1
165 303 276 1
170 305 281 1
177 317 281 1
111 318 76 1
200 321 110 1
160 324 238 1
219 328 101 1
149 335 52 1
164 341 228 1
165 211 63 3
