177 38 172 1
118 58 333 1
143 65 343 1
62 67 132 1
180 98 6 1
173 121 23 1
224 127 62 1
69 134 114 1
255 144 70 1
174 147 68 1
160 157 114 1
94 158 101 1
76 162 101 1
165 168 87 1
160 170 96 1
139 189 87 1
118 195 89 1
185 195 98 1
158 200 270 1
224 210 90 1
213 211 96 1
200 214 101 1
235 218 87 1
160 224 281 1
109 233 79 1
155 234 256 1
224 235 270 1
158 251 273 1
151 259 250 1
111 265 73 1
197 268 111 1
154 270 257 1
162 276 278 1
215 276 101 1
167 304 301 1
158 316 255 1
167 316 305 1
97 321 66 1
149 324 242 1
159 331 295 1
168 142 53 3
