184 29 11 1
178 49 27 1
227 64 62 1
70 74 115 1
96 88 98 1
167 99 84 1
81 104 101 1
142 118 83 1
189 123 96 1
125 124 87 1
168 131 262 1
105 135 91 1
217 139 93 1
204 141 96 1
228 142 90 1
174 150 281 1
240 153 87 1
107 155 264 1
164 156 256 1
114 159 82 1
167 165 273 1
228 170 270 1
178 175 107 1
162 181 245 1
170 185 281 1
112 193 73 1
202 196 108 1
151 202 52 1
221 204 101 1
73 213 83 1
174 216 297 1
102 247 60 1
155 267 236 1
116 278 240 1
173 278 298 1
148 279 232 1
168 279 262 1
193 286 302 1
154 290 23 1
114 296 59 1
218 296 298 1
103 305 229 1
144 306 37 1
198 307 169 1
205 307 294 1
143 321 232 1
187 321 346 1
163 94 60 3
