181 56 352 1
209 66 6 1
114 107 134 1
233 111 37 1
220 130 48 1
131 135 118 1
113 140 118 1
268 161 82 1
145 181 104 1
164 181 104 1
123 182 110 1
181 195 287 1
207 202 121 1
120 207 104 1
184 219 298 1
212 226 118 1
226 227 117 1
171 230 273 1
236 231 110 1
110 239 98 1
155 245 264 1
239 246 111 1
168 250 293 1
226 257 293 1
140 260 72 1
171 263 302 1
153 266 256 1
190 277 132 1
160 281 316 1
151 285 256 1
77 289 84 1
205 290 122 1
146 296 256 1
150 306 315 1
135 312 264 1
146 319 309 1
81 321 262 1
125 323 262 1
142 330 315 1
156 335 136 1
72 336 79 1
84 340 76 1
198 162 77 3
