199 18 15 1
83 23 329 1
110 31 347 1
146 65 8 1
140 86 28 1
190 94 60 1
223 114 70 1
58 123 101 1
43 134 101 1
126 135 84 1
104 149 84 1
83 156 87 1
124 156 273 1
152 157 98 1
181 172 93 1
192 175 87 1
167 178 98 1
137 181 278 1
204 184 87 1
233 185 82 1
75 192 80 1
193 199 267 1
119 213 243 1
130 227 271 1
76 228 73 1
166 228 110 1
255 232 79 1
185 238 103 1
136 248 298 1
229 264 94 1
247 269 84 1
64 283 63 1
131 283 274 1
156 294 146 1
137 299 318 1
132 306 235 1
79 310 239 1
159 317 301 1
243 317 302 1
232 323 309 1
77 330 46 1
71 332 243 1
65 337 232 1
132 125 64 3
