64 106 115 1
92 122 101 1
74 131 103 1
158 138 87 1
165 138 90 1
138 155 80 1
118 158 89 1
163 164 264 1
185 164 101 1
216 174 96 1
223 182 90 1
174 183 283 1
204 188 108 1
161 191 266 1
108 194 80 1
264 195 82 1
234 197 87 1
160 201 257 1
223 204 270 1
89 215 266 1
169 221 277 1
174 229 281 1
196 234 108 1
105 237 73 1
91 241 80 1
214 241 101 1
46 244 87 1
62 245 273 1
162 245 262 1
166 245 278 1
169 251 297 1
159 261 245 1
78 265 80 1
80 323 242 1
126 333 235 1
99 337 246 1
158 122 60 3
