119 17 122 1
170 35 90 1
124 43 98 1
183 53 87 1
211 61 84 1
86 76 105 1
114 87 98 1
134 100 98 1
169 108 97 1
183 109 90 1
201 121 82 1
187 164 93 1
111 165 287 1
200 168 80 1
50 192 307 1
193 197 100 1
55 218 318 1
201 219 45 1
121 225 298 1
216 227 239 1
191 230 90 1
42 231 336 1
30 233 314 1
67 233 323 1
151 235 302 1
167 237 312 1
203 239 200 1
99 244 323 1
50 245 148 1
125 247 312 1
183 255 166 1
74 257 345 1
143 266 329 1
102 279 356 1
86 300 352 1
311 332 98 1
105 337 165 1
192 229 -1 -1 -1 2
