189 32 350 1
184 61 163 1
195 72 13 1
165 75 343 1
129 80 328 1
254 83 63 1
221 95 214 1
184 111 38 1
144 116 326 1
165 119 15 1
243 123 90 1
212 139 259 1
169 147 107 1
159 150 132 1
159 163 120 1
205 173 113 1
113 178 125 1
137 195 118 1
209 198 110 1
112 211 122 1
232 212 104 1
148 221 121 1
29 224 315 1
249 234 96 1
25 238 319 1
177 241 118 1
186 251 110 1
22 256 315 1
200 267 104 1
103 274 307 1
34 275 329 1
172 303 114 1
28 304 338 1
182 316 100 1
166 336 120 1
88 337 318 1
169 141 93 3
