237 23 215 1
171 56 190 1
139 65 3 1
50 69 325 1
208 76 35 1
180 85 23 1
208 96 214 1
262 103 226 1
90 115 138 1
56 124 135 1
142 127 158 1
289 127 232 1
178 131 28 1
36 173 308 1
88 175 121 1
213 176 232 1
49 182 118 1
172 191 191 1
70 198 301 1
146 204 128 1
120 221 114 1
60 224 108 1
96 224 104 1
135 225 298 1
159 228 128 1
302 228 235 1
109 233 297 1
44 235 293 1
207 246 242 1
168 251 63 1
104 262 90 1
91 277 93 1
134 279 264 1
289 285 233 1
124 304 253 1
86 319 98 1
211 323 53 1
228 345 232 1
164 221 36 3
