163 44 194 1
136 51 11 1
203 72 44 1
180 84 45 1
195 87 208 1
74 100 142 1
143 113 183 1
222 138 59 1
204 150 52 1
220 162 232 1
192 168 235 1
216 181 246 1
148 183 184 1
127 190 142 1
224 197 68 1
178 201 72 1
165 206 218 1
70 210 110 1
110 217 314 1
133 219 138 1
140 221 132 1
238 225 256 1
90 227 284 1
247 227 79 1
149 235 70 1
136 242 114 1
182 245 246 1
144 246 79 1
73 255 90 1
139 259 84 1
103 270 270 1
90 291 262 1
254 303 246 1
175 325 63 1
144 202 99 3
