214 14 35 1
198 34 37 1
124 56 160 1
66 72 134 1
174 90 214 1
114 95 340 1
127 96 152 1
141 106 160 1
167 115 204 1
113 116 326 1
52 123 304 1
223 133 240 1
145 134 134 1
155 144 134 1
155 153 90 1
253 159 48 1
117 165 113 1
144 166 91 1
210 177 53 1
125 193 107 1
131 196 87 1
64 202 122 1
230 210 233 1
141 211 68 1
128 218 103 1
59 229 308 1
149 232 235 1
195 238 211 1
216 241 221 1
128 242 319 1
101 249 309 1
247 260 201 1
191 268 201 1
97 277 328 1
170 282 191 1
232 285 188 1
205 305 180 1
134 239 -1 -1 -1 2
157 149 40 3
