136 14 180 1
164 42 183 1
187 44 8 1
202 62 20 1
77 73 159 1
194 92 188 1
203 100 25 1
188 124 27 1
107 127 152 1
109 135 338 1
49 144 323 1
112 158 149 1
172 183 207 1
60 184 121 1
115 197 332 1
123 199 135 1
142 204 148 1
170 210 200 1
227 216 229 1
117 219 316 1
151 230 125 1
261 235 41 1
64 236 294 1
161 238 121 1
163 247 84 1
212 259 44 1
154 263 80 1
130 264 104 1
248 292 221 1
151 294 79 1
147 296 87 1
87 311 114 1
161 311 51 1
148 318 91 1
236 324 212 1
216 326 204 1
165 244 35 3
