210 29 242 1
132 31 346 1
249 52 246 1
278 53 62 1
236 55 70 1
163 64 197 1
123 67 300 1
158 70 63 1
109 88 91 1
153 97 76 1
125 98 82 1
47 99 104 1
274 106 59 1
80 129 84 1
230 131 248 1
67 134 93 1
131 142 252 1
52 156 107 1
227 166 53 1
119 182 246 1
62 187 53 1
251 192 232 1
77 199 246 1
220 204 231 1
243 211 226 1
73 214 197 1
190 218 229 1
115 235 233 1
185 250 218 1
113 262 212 1
235 264 205 1
158 290 205 1
145 300 197 1
144 306 8 1
179 312 191 1
212 326 186 1
154 69 44 3
