161 46 159 1
148 71 150 1
97 73 328 1
158 91 340 1
190 91 163 1
77 96 134 1
273 107 204 1
145 110 138 1
108 116 136 1
157 117 141 1
137 128 321 1
209 134 163 1
93 149 122 1
160 150 318 1
277 164 222 1
238 176 180 1
109 202 121 1
187 208 121 1
239 209 162 1
240 219 53 1
224 221 113 1
228 229 98 1
241 230 68 1
237 231 82 1
196 243 114 1
207 246 104 1
91 261 301 1
193 272 114 1
201 288 83 1
195 305 342 1
129 306 307 1
140 311 312 1
161 319 319 1
228 320 224 1
270 327 224 1
174 335 354 1
115 337 323 1
137 339 329 1
196 303 -1 -1 -1 2
238 219 46 3
