136 32 146 1
96 33 323 1
188 46 162 1
161 49 340 1
142 73 128 1
110 78 134 1
147 84 143 1
135 88 318 1
84 111 118 1
278 116 221 1
242 128 187 1
165 156 315 1
242 163 146 1
115 167 121 1
172 170 295 1
185 179 120 1
228 183 104 1
151 185 287 1
247 188 62 1
129 195 118 1
228 195 89 1
239 197 72 1
201 203 113 1
213 203 98 1
96 224 298 1
201 239 117 1
209 249 80 1
228 252 249 1
137 267 305 1
200 268 336 1
176 271 308 1
234 279 217 1
145 282 312 1
184 291 349 1
144 299 323 1
174 320 357 1
207 259 -1 -1 -1 2
244 170 40 3
