247 19 45 1
104 56 136 1
252 64 233 1
159 65 0 1
211 79 56 1
135 80 138 1
118 109 315 1
129 116 325 1
162 118 49 1
185 124 76 1
73 128 298 1
202 130 84 1
160 135 75 1
145 152 122 1
227 159 87 1
146 164 113 1
68 172 122 1
84 179 121 1
208 185 93 1
116 187 114 1
64 197 297 1
196 199 98 1
188 230 104 1
75 231 301 1
213 239 76 1
196 269 100 1
115 273 138 1
232 274 246 1
100 279 316 1
198 283 207 1
219 283 236 1
51 285 328 1
122 286 307 1
160 286 301 1
185 290 312 1
173 296 315 1
209 297 174 1
80 298 332 1
119 315 328 1
198 281 -1 -1 -1 2
151 139 92 3
