144 18 6 1
74 40 152 1
129 46 6 1
204 59 45 1
63 95 134 1
211 97 229 1
118 101 357 1
230 104 63 1
170 115 53 1
95 116 136 1
80 140 314 1
90 151 325 1
120 152 41 1
144 154 70 1
162 161 84 1
39 167 298 1
121 168 72 1
108 185 121 1
187 193 80 1
109 197 110 1
170 217 87 1
50 219 117 1
80 223 113 1
159 230 96 1
152 264 103 1
177 272 76 1
80 304 127 1
162 306 103 1
196 308 246 1
185 319 236 1
126 323 298 1
89 328 308 1
143 333 305 1
174 333 172 1
163 317 -1 -1 -1 2
113 171 90 3
