211 31 177 1
197 54 0 1
131 80 149 1
186 83 6 1
254 83 37 1
167 87 6 1
157 96 167 1
171 121 11 1
253 128 222 1
114 139 127 1
152 161 136 1
96 164 305 1
279 164 56 1
79 182 118 1
273 188 62 1
154 192 332 1
184 197 59 1
176 208 69 1
99 209 298 1
164 231 122 1
186 238 267 1
212 241 90 1
163 247 110 1
200 252 104 1
238 255 76 1
85 256 118 1
228 258 260 1
104 261 117 1
204 264 101 1
134 265 114 1
225 276 89 1
215 278 91 1
237 314 72 1
96 317 297 1
211 320 104 1
220 350 98 1
170 214 87 3
