122 23 6 1
146 25 186 1
234 42 212 1
195 59 203 1
237 63 44 1
185 82 24 1
182 86 197 1
172 102 21 1
158 117 184 1
76 119 148 1
286 132 44 1
166 142 191 1
91 145 129 1
106 149 121 1
145 167 107 1
154 168 58 1
150 170 96 1
154 176 76 1
56 181 107 1
243 209 79 1
42 213 93 1
224 230 96 1
91 231 90 1
288 231 79 1
52 232 274 1
116 235 79 1
274 237 84 1
146 247 62 1
193 247 253 1
284 257 262 1
185 264 236 1
243 268 101 1
194 271 278 1
70 273 79 1
182 276 224 1
220 282 122 1
152 287 38 1
195 287 294 1
120 291 55 1
61 298 70 1
150 307 232 1
202 323 160 1
91 330 243 1
236 336 138 1
138 343 20 1
152 168 52 3
188 279 169 3
