92 14 100 1
181 14 225 1
122 17 90 1
151 21 79 1
160 25 63 1
237 30 69 1
262 35 65 1
210 63 245 1
261 71 73 1
172 81 55 1
102 82 79 1
212 84 238 1
147 89 63 1
223 102 238 1
89 106 82 1
237 110 249 1
148 111 60 1
189 123 35 1
226 125 183 1
233 125 266 1
239 148 160 1
222 158 329 1
205 164 11 1
144 165 55 1
182 185 28 1
226 194 181 1
196 201 217 1
180 203 218 1
263 208 329 1
157 225 211 1
135 228 214 1
150 247 194 1
183 252 180 1
13 329 82 1
23 346 253 1
226 126 156 3
