164 36 180 1
208 41 211 1
166 65 180 1
111 74 332 1
210 85 59 1
183 104 214 1
222 105 239 1
98 129 108 1
126 141 98 1
159 141 60 1
183 146 231 1
154 151 84 1
162 155 69 1
238 173 77 1
262 182 73 1
99 200 89 1
206 200 252 1
165 211 62 1
143 213 73 1
51 216 96 1
256 216 86 1
204 220 246 1
83 228 87 1
213 231 256 1
139 239 69 1
225 252 263 1
179 259 39 1
195 262 228 1
219 265 274 1
223 289 166 1
127 290 65 1
203 297 343 1
187 301 20 1
163 319 38 1
203 335 193 1
153 336 228 1
172 336 228 1
156 138 52 3
213 266 162 3
