166 22 191 1
120 34 156 1
141 66 172 1
159 87 191 1
86 88 311 1
272 132 58 1
177 133 212 1
239 133 56 1
154 136 42 1
92 145 86 1
160 147 49 1
152 148 66 1
123 150 79 1
272 167 62 1
218 172 231 1
221 188 221 1
253 196 79 1
184 197 42 1
250 199 246 1
238 200 233 1
207 201 28 1
117 211 65 1
164 213 48 1
251 213 242 1
235 217 208 1
256 225 246 1
170 233 48 1
213 235 24 1
112 238 66 1
253 265 328 1
242 273 354 1
180 285 44 1
266 296 165 1
222 297 20 1
239 311 204 1
227 316 201 1
148 133 33 3
250 228 148 3
