156 38 177 1
202 50 214 1
161 65 180 1
106 74 330 1
176 100 211 1
91 130 105 1
254 136 68 1
152 137 56 1
119 138 96 1
262 140 242 1
148 144 84 1
179 144 229 1
156 151 65 1
240 173 79 1
265 185 79 1
94 197 87 1
204 197 250 1
162 205 63 1
137 212 70 1
253 215 83 1
181 216 51 1
202 216 243 1
47 221 96 1
79 224 87 1
227 229 101 1
217 234 264 1
133 236 73 1
211 237 249 1
199 244 233 1
179 252 32 1
214 256 290 1
194 259 228 1
226 283 160 1
126 285 59 1
181 291 27 1
197 291 1 1
159 311 37 1
197 323 200 1
169 329 225 1
150 330 226 1
105 341 228 1
149 135 49 3
207 260 164 3
