145 53 321 1
181 55 174 1
135 58 136 1
142 69 335 1
209 85 211 1
117 120 105 1
178 127 55 1
146 128 98 1
202 130 226 1
174 138 84 1
182 140 68 1
261 162 79 1
286 172 75 1
226 186 255 1
119 193 84 1
223 202 246 1
164 204 69 1
189 205 62 1
279 207 87 1
207 211 51 1
108 213 87 1
73 214 96 1
233 216 256 1
250 224 104 1
160 229 69 1
231 241 224 1
198 245 42 1
61 251 94 1
241 251 267 1
146 274 66 1
241 277 169 1
223 284 342 1
204 286 27 1
182 305 42 1
187 320 235 1
176 321 228 1
218 323 201 1
96 342 228 1
132 343 226 1
153 343 222 1
177 130 53 3
234 251 161 3
