97 48 332 1
99 81 148 1
243 82 6 1
238 104 183 1
136 130 333 1
140 140 134 1
242 150 21 1
134 153 315 1
182 154 0 1
88 169 129 1
190 191 38 1
241 195 56 1
90 213 113 1
181 215 107 1
282 225 70 1
234 239 84 1
174 244 291 1
119 251 96 1
146 265 73 1
190 265 118 1
163 267 276 1
248 270 94 1
213 271 107 1
130 272 82 1
171 278 294 1
164 280 266 1
164 290 252 1
171 291 301 1
260 294 101 1
151 300 8 1
120 306 65 1
234 314 124 1
181 315 312 1
183 333 166 1
122 338 45 1
153 338 8 1
147 340 229 1
184 208 75 3
164 298 212 3
