152 72 339 1
154 80 139 1
213 92 17 1
152 93 326 1
104 121 120 1
210 128 44 1
260 146 68 1
205 147 90 1
201 150 115 1
113 161 110 1
143 164 104 1
192 177 295 1
248 189 93 1
74 199 287 1
163 199 82 1
178 203 278 1
200 203 127 1
147 204 90 1
186 213 297 1
178 214 271 1
175 226 266 1
184 228 302 1
223 228 121 1
256 228 103 1
112 242 87 1
181 243 307 1
101 246 87 1
133 248 73 1
186 257 318 1
102 268 264 1
265 269 110 1
237 275 131 1
131 282 53 1
208 318 329 1
148 322 27 1
221 324 169 1
131 333 228 1
234 343 323 1
178 346 8 1
204 144 75 3
174 251 179 3
