111 71 340 1
57 72 311 1
61 81 114 1
183 91 38 1
63 95 301 1
131 102 8 1
134 124 84 1
193 133 62 1
38 145 90 1
142 157 260 1
226 168 73 1
159 170 90 1
62 180 79 1
140 181 250 1
192 182 90 1
97 188 70 1
130 188 55 1
141 192 238 1
153 194 267 1
248 194 82 1
158 200 276 1
115 201 58 1
227 213 96 1
163 215 281 1
145 220 329 1
142 223 225 1
175 225 290 1
146 230 346 1
123 246 38 1
101 250 52 1
238 262 139 1
227 264 302 1
258 269 293 1
138 275 24 1
86 284 53 1
171 301 354 1
210 301 332 1
134 118 53 3
159 225 175 3
