96 61 335 1
98 68 145 1
91 84 326 1
147 84 13 1
209 94 38 1
145 120 32 1
200 131 63 1
139 143 113 1
143 145 87 1
51 158 107 1
130 174 294 1
192 177 87 1
76 180 93 1
243 187 76 1
120 195 273 1
107 196 70 1
145 200 127 1
88 201 84 1
121 207 264 1
174 207 113 1
131 210 304 1
204 213 96 1
117 231 233 1
56 238 82 1
45 241 84 1
77 243 68 1
214 246 101 1
133 249 316 1
189 262 128 1
29 263 84 1
48 266 262 1
79 278 45 1
164 307 333 1
100 314 23 1
185 314 158 1
85 325 222 1
136 331 0 1
141 138 74 3
125 225 208 3
