119 53 339 1
116 63 142 1
114 76 326 1
166 78 8 1
64 107 124 1
169 120 38 1
225 124 62 1
161 141 107 1
69 149 108 1
156 166 290 1
99 178 96 1
214 179 90 1
143 185 278 1
164 192 121 1
126 193 75 1
110 196 87 1
138 200 264 1
151 202 297 1
224 215 100 1
150 218 298 1
185 220 127 1
257 223 87 1
150 232 301 1
76 239 82 1
97 241 70 1
122 243 246 1
147 245 311 1
128 250 17 1
156 253 314 1
235 255 104 1
205 267 134 1
98 276 49 1
184 304 325 1
202 310 155 1
118 314 23 1
99 323 225 1
165 134 75 3
139 246 207 3
