157 55 353 1
189 69 180 1
83 112 120 1
184 144 87 1
238 145 63 1
177 149 98 1
90 158 107 1
228 162 82 1
231 185 93 1
164 191 283 1
187 194 118 1
281 201 77 1
169 204 297 1
155 206 267 1
128 207 84 1
205 215 118 1
240 226 104 1
167 228 301 1
119 233 66 1
93 242 84 1
155 242 262 1
164 246 297 1
115 247 70 1
150 252 243 1
174 256 315 1
63 264 82 1
250 266 110 1
220 273 134 1
109 279 56 1
181 282 332 1
191 313 336 1
215 319 158 1
134 321 24 1
119 328 225 1
224 335 319 1
179 141 74 3
161 252 177 3
