129 18 156 1
114 43 330 1
210 60 194 1
192 68 17 1
234 84 45 1
137 95 346 1
213 96 210 1
147 97 156 1
211 101 41 1
144 115 347 1
51 129 298 1
146 137 346 1
118 143 307 1
201 151 76 1
238 174 79 1
222 176 80 1
45 191 110 1
103 241 293 1
46 242 93 1
180 242 108 1
244 244 93 1
155 248 111 1
265 248 82 1
138 257 124 1
191 259 110 1
104 265 304 1
88 267 291 1
80 274 276 1
193 278 105 1
255 290 87 1
79 296 242 1
207 308 113 1
229 322 104 1
116 323 319 1
140 332 314 1
196 335 294 1
159 165 76 3
81 292 218 3
