191 85 20 1
210 104 203 1
134 108 349 1
144 110 156 1
212 116 41 1
146 128 352 1
144 148 345 1
118 152 307 1
199 161 70 1
161 181 87 1
221 184 77 1
238 185 79 1
158 188 107 1
46 207 107 1
105 252 293 1
181 252 107 1
243 254 93 1
49 256 90 1
157 257 113 1
265 259 84 1
140 266 122 1
191 270 110 1
106 276 304 1
91 277 293 1
83 287 276 1
193 289 105 1
86 298 284 1
254 300 90 1
94 301 316 1
82 308 256 1
87 308 297 1
87 314 328 1
81 319 232 1
206 319 113 1
117 335 319 1
195 346 294 1
161 175 75 3
82 316 223 3
