231 60 14 1
239 66 186 1
232 85 20 1
193 92 336 1
223 102 15 1
264 140 101 1
140 167 316 1
272 172 110 1
287 178 107 1
115 183 315 1
103 189 314 1
125 191 332 1
158 199 152 1
86 201 276 1
173 203 142 1
200 209 138 1
46 225 69 1
203 226 136 1
257 240 122 1
197 243 136 1
106 245 352 1
274 253 114 1
124 261 342 1
60 270 39 1
92 271 17 1
196 274 142 1
245 282 118 1
143 283 169 1
174 291 322 1
150 293 326 1
180 295 148 1
102 310 20 1
122 311 357 1
192 327 153 1
117 331 14 1
221 131 100 3
96 205 240 3
