217 56 14 1
243 79 203 1
164 84 346 1
178 85 158 1
237 92 35 1
172 104 345 1
180 118 357 1
81 127 297 1
148 131 305 1
233 139 76 1
271 161 79 1
193 162 93 1
254 163 77 1
187 167 104 1
78 179 110 1
79 227 93 1
212 227 107 1
278 227 96 1
134 229 291 1
186 233 110 1
221 240 107 1
163 247 131 1
31 249 284 1
136 251 302 1
54 260 84 1
227 266 107 1
289 273 90 1
125 275 316 1
116 283 318 1
238 288 113 1
112 292 228 1
64 294 246 1
147 307 323 1
262 312 107 1
167 316 314 1
228 318 297 1
96 320 207 1
197 323 138 1
206 331 301 1
73 337 200 1
190 151 77 3
115 283 220 3
