105 33 136 1
213 45 20 1
228 56 201 1
114 61 321 1
234 74 32 1
232 79 38 1
172 87 353 1
173 108 353 1
35 125 284 1
222 125 68 1
265 138 76 1
190 139 73 1
249 143 75 1
134 211 287 1
292 211 77 1
276 212 90 1
210 215 107 1
222 227 104 1
182 228 111 1
118 232 284 1
143 242 294 1
284 256 83 1
136 259 307 1
188 269 300 1
118 274 322 1
239 280 110 1
177 283 128 1
224 286 117 1
169 301 307 1
235 311 287 1
264 323 132 1
163 330 333 1
245 341 308 1
197 344 323 1
180 136 70 3
