196 22 194 1
77 41 143 1
228 45 35 1
257 47 217 1
157 117 20 1
88 132 122 1
110 132 122 1
162 151 48 1
147 168 84 1
151 168 66 1
142 172 121 1
110 182 293 1
142 186 104 1
43 187 298 1
191 201 79 1
155 202 93 1
51 210 121 1
170 225 96 1
294 225 250 1
266 228 250 1
281 236 70 1
194 246 79 1
182 248 87 1
177 275 118 1
87 276 302 1
112 280 315 1
189 287 66 1
153 289 160 1
134 296 329 1
99 297 323 1
158 299 304 1
212 309 233 1
241 312 235 1
131 321 343 1
167 324 343 1
201 327 205 1
187 309 -1 -1 -1 2
146 164 53 3
