163 20 186 1
275 24 226 1
200 41 27 1
267 44 52 1
84 48 136 1
189 69 194 1
181 75 28 1
263 81 233 1
191 87 205 1
215 92 52 1
120 97 132 1
261 105 235 1
84 117 302 1
218 117 226 1
176 124 183 1
122 127 315 1
157 134 139 1
103 139 113 1
185 181 179 1
107 184 101 1
57 199 101 1
176 199 97 1
293 200 60 1
122 203 98 1
183 203 76 1
87 204 284 1
293 210 250 1
139 214 93 1
69 245 98 1
259 255 70 1
156 271 79 1
174 279 66 1
72 313 96 1
94 326 82 1
261 327 235 1
238 336 233 1
207 351 235 1
177 180 79 3
