80 16 145 1
259 31 219 1
187 43 198 1
176 48 27 1
256 57 218 1
189 60 207 1
211 64 46 1
123 65 141 1
80 77 312 1
211 87 224 1
172 96 186 1
117 100 318 1
97 104 118 1
145 114 134 1
42 139 114 1
97 151 113 1
179 152 184 1
73 165 293 1
110 171 101 1
127 183 96 1
51 188 113 1
254 197 68 1
140 231 82 1
36 236 278 1
159 237 62 1
33 252 256 1
66 261 82 1
197 280 224 1
192 283 212 1
72 288 253 1
190 289 183 1
174 290 214 1
55 291 240 1
144 302 183 1
93 303 239 1
124 308 0 1
312 334 108 1
171 159 53 3
