229 21 38 1
229 48 44 1
156 58 8 1
53 65 113 1
257 66 225 1
140 85 343 1
201 88 58 1
274 89 49 1
235 99 62 1
271 103 62 1
166 110 68 1
150 114 73 1
200 120 72 1
108 121 291 1
148 128 101 1
130 156 288 1
174 169 100 1
159 178 105 1
121 188 108 1
207 189 90 1
240 192 76 1
32 198 283 1
235 210 87 1
29 223 276 1
116 227 290 1
42 234 290 1
177 252 104 1
244 260 76 1
81 272 110 1
85 276 297 1
190 276 104 1
242 280 93 1
67 296 290 1
254 302 73 1
144 306 287 1
121 308 127 1
68 311 118 1
167 311 290 1
90 314 101 1
222 314 294 1
252 317 89 1
97 323 297 1
177 323 294 1
106 328 307 1
236 331 342 1
198 334 308 1
151 113 76 3
