151 33 11 1
160 62 17 1
190 63 200 1
202 74 24 1
213 90 38 1
101 101 352 1
178 111 42 1
148 114 35 1
92 130 335 1
121 145 48 1
160 152 59 1
109 155 110 1
113 156 63 1
114 168 87 1
72 175 274 1
148 196 76 1
217 196 55 1
184 200 70 1
217 210 70 1
138 212 80 1
105 237 80 1
245 249 55 1
119 257 267 1
248 274 76 1
180 275 87 1
264 284 52 1
203 296 87 1
266 298 66 1
69 307 281 1
75 307 101 1
240 311 276 1
92 313 273 1
123 317 89 1
149 319 262 1
85 320 76 1
257 322 309 1
107 333 263 1
224 341 290 1
112 154 57 3
