177 19 186 1
225 31 203 1
224 36 32 1
183 44 23 1
140 59 162 1
122 65 352 1
217 91 38 1
216 130 46 1
176 131 46 1
135 133 17 1
122 150 354 1
99 155 128 1
121 165 146 1
209 165 238 1
218 174 63 1
88 186 298 1
210 188 73 1
122 195 121 1
215 223 79 1
105 224 298 1
127 243 97 1
26 254 290 1
86 259 114 1
129 268 287 1
26 272 297 1
102 274 293 1
145 277 107 1
225 278 259 1
213 284 84 1
32 288 302 1
185 291 82 1
228 294 82 1
115 313 120 1
151 321 100 1
139 328 113 1
153 338 281 1
