163 22 118 1
255 22 82 1
166 35 107 1
198 62 91 1
140 70 284 1
161 72 110 1
70 78 101 1
87 96 93 1
119 98 288 1
174 98 104 1
40 106 288 1
160 110 117 1
225 111 96 1
60 136 93 1
110 140 314 1
100 141 253 1
210 148 101 1
262 148 87 1
44 149 107 1
179 152 105 1
148 160 129 1
39 180 298 1
46 182 8 1
250 183 98 1
71 185 188 1
222 198 104 1
151 231 307 1
52 237 13 1
227 237 293 1
204 238 294 1
144 243 158 1
145 256 309 1
173 256 311 1
224 266 312 1
161 272 325 1
90 273 8 1
222 294 338 1
147 300 343 1
176 303 338 1
182 335 359 1
105 134 193 3
