232 13 30 1
188 34 326 1
197 51 346 1
255 66 73 1
90 70 284 1
239 71 73 1
207 91 97 1
187 116 283 1
243 117 86 1
87 128 98 1
206 133 107 1
116 144 94 1
223 155 101 1
167 156 284 1
134 160 83 1
159 165 273 1
209 166 111 1
281 166 87 1
92 176 277 1
159 192 297 1
154 194 250 1
162 199 308 1
266 202 96 1
113 204 84 1
233 208 101 1
204 223 128 1
99 225 101 1
115 228 63 1
101 249 284 1
283 257 101 1
184 268 155 1
249 314 104 1
201 320 146 1
239 323 110 1
214 326 293 1
209 333 276 1
216 341 301 1
111 247 -1 -1 -1 2
208 74 72 3
157 195 188 3
