72 38 356 1
113 50 195 1
119 68 27 1
76 92 3 1
158 126 58 1
45 130 302 1
120 136 58 1
62 144 329 1
106 146 58 1
75 171 96 1
82 180 77 1
123 189 72 1
73 210 259 1
93 217 86 1
166 221 73 1
115 235 79 1
215 237 66 1
241 242 48 1
106 244 89 1
65 252 266 1
59 259 253 1
166 261 79 1
34 264 68 1
220 271 70 1
59 273 245 1
139 278 79 1
64 281 273 1
68 287 278 1
119 303 110 1
203 308 87 1
26 310 73 1
43 330 28 1
222 342 271 1
197 344 270 1
61 345 188 1
78 165 59 3
66 293 179 3
