244 26 219 1
120 30 349 1
74 37 311 1
67 42 122 1
168 45 24 1
118 56 343 1
203 75 219 1
284 79 242 1
251 84 232 1
199 93 53 1
280 93 69 1
150 97 31 1
113 114 329 1
260 132 66 1
123 135 357 1
174 155 82 1
136 157 49 1
146 160 215 1
159 163 82 1
290 163 252 1
118 164 114 1
212 164 82 1
122 180 110 1
129 184 101 1
110 199 284 1
129 201 100 1
157 201 94 1
33 221 100 1
260 230 73 1
82 238 285 1
134 239 104 1
49 241 91 1
73 248 276 1
120 253 115 1
181 257 93 1
22 279 93 1
65 279 256 1
76 280 309 1
168 289 98 1
221 290 84 1
138 296 104 1
239 303 73 1
109 311 131 1
22 312 55 1
210 324 96 1
29 329 240 1
128 166 76 3
69 280 213 3
