155 37 24 1
97 41 160 1
217 45 38 1
175 55 207 1
99 84 349 1
93 88 153 1
95 116 342 1
237 127 51 1
177 131 49 1
162 133 212 1
237 159 63 1
102 160 346 1
119 167 155 1
209 169 68 1
50 172 114 1
115 192 77 1
67 194 98 1
99 195 82 1
143 210 96 1
116 213 264 1
105 221 253 1
219 223 253 1
157 228 96 1
38 229 101 1
111 231 264 1
122 233 294 1
107 235 232 1
78 243 38 1
265 245 70 1
67 250 52 1
107 252 194 1
49 253 70 1
112 258 159 1
246 266 84 1
213 270 98 1
87 271 219 1
163 276 117 1
123 280 145 1
79 283 212 1
50 299 210 1
126 323 138 1
154 332 127 1
95 334 160 1
110 342 312 1
118 173 57 3
110 235 187 3
