58 39 125 1
253 39 48 1
107 45 336 1
186 55 48 1
44 59 305 1
178 64 215 1
44 72 305 1
253 79 62 1
158 80 58 1
158 88 68 1
118 89 340 1
225 93 66 1
43 98 113 1
153 99 231 1
67 100 110 1
181 109 68 1
114 117 89 1
133 119 72 1
85 123 96 1
162 127 82 1
237 146 253 1
154 147 262 1
124 149 250 1
137 153 259 1
173 154 93 1
57 156 98 1
130 159 264 1
124 160 236 1
284 164 66 1
98 171 37 1
87 177 53 1
127 179 191 1
238 179 90 1
37 180 281 1
70 182 70 1
133 186 159 1
266 187 84 1
44 196 104 1
108 199 218 1
177 207 117 1
144 208 142 1
102 211 208 1
33 227 293 1
76 228 200 1
149 250 138 1
196 260 128 1
119 261 160 1
176 261 127 1
181 265 297 1
252 278 294 1
98 305 163 1
236 312 305 1
47 228 -1 -1 -1 2
134 101 49 3
128 162 183 3
