268 44 207 1
153 102 180 1
204 108 24 1
271 109 24 1
233 132 208 1
144 184 353 1
223 203 45 1
285 205 58 1
218 209 219 1
181 215 41 1
91 224 121 1
147 224 0 1
253 240 62 1
108 250 101 1
164 251 66 1
139 257 89 1
210 259 68 1
273 284 249 1
197 287 245 1
150 288 248 1
157 288 250 1
163 288 273 1
205 289 250 1
87 296 76 1
207 297 186 1
223 300 245 1
299 303 83 1
123 304 41 1
105 305 53 1
215 307 188 1
265 313 90 1
126 326 226 1
219 327 152 1
118 333 217 1
217 342 160 1
222 350 153 1
152 245 55 3
218 306 128 3
