195 13 210 1
93 32 339 1
277 59 225 1
99 68 342 1
183 85 53 1
243 85 56 1
170 86 217 1
273 96 55 1
143 107 58 1
105 113 346 1
241 120 68 1
206 126 73 1
49 129 117 1
115 129 113 1
118 134 101 1
123 134 90 1
166 141 79 1
67 148 104 1
99 152 79 1
111 168 270 1
127 172 122 1
104 177 256 1
115 180 293 1
216 182 259 1
142 186 114 1
154 190 103 1
272 195 73 1
76 198 38 1
256 201 80 1
102 206 197 1
213 214 96 1
103 216 172 1
241 226 90 1
68 236 219 1
111 240 153 1
149 240 127 1
114 278 141 1
80 283 159 1
141 289 134 1
97 297 314 1
213 317 301 1
125 319 312 1
194 344 315 1
123 127 57 3
103 183 186 3
