249 31 217 1
106 49 145 1
151 74 350 1
67 89 312 1
216 102 224 1
232 103 62 1
182 107 48 1
61 113 127 1
75 114 118 1
153 120 357 1
98 122 121 1
164 133 65 1
156 142 104 1
286 143 73 1
251 146 73 1
112 149 104 1
161 153 89 1
144 157 87 1
210 158 79 1
173 163 250 1
86 169 108 1
154 176 271 1
146 184 262 1
168 186 129 1
153 190 290 1
181 195 118 1
83 197 89 1
258 199 262 1
118 201 46 1
192 204 110 1
106 205 66 1
148 205 184 1
56 208 110 1
148 221 166 1
121 230 232 1
295 232 77 1
165 238 143 1
253 238 103 1
112 240 224 1
280 250 96 1
85 251 222 1
190 251 127 1
127 286 167 1
155 288 148 1
179 303 136 1
135 304 328 1
198 307 132 1
92 326 184 1
249 337 302 1
163 136 60 3
147 194 186 3
