116 37 163 1
172 38 24 1
238 46 35 1
201 60 204 1
103 79 346 1
116 81 160 1
115 116 343 1
260 127 53 1
202 136 55 1
185 137 215 1
154 145 35 1
288 153 242 1
258 165 63 1
123 166 342 1
225 178 70 1
134 181 101 1
71 182 114 1
142 185 63 1
188 192 68 1
138 200 77 1
89 203 96 1
123 203 79 1
133 217 259 1
136 228 276 1
242 229 253 1
165 234 107 1
181 236 93 1
104 252 38 1
290 253 70 1
131 260 194 1
243 264 93 1
91 265 45 1
74 268 59 1
128 269 197 1
272 280 90 1
110 283 222 1
189 287 111 1
149 290 145 1
100 296 217 1
98 314 191 1
136 179 57 3
131 237 184 3
