118 22 167 1
134 32 163 1
236 33 37 1
142 43 0 1
208 44 207 1
188 55 205 1
220 71 39 1
279 86 229 1
111 103 338 1
67 105 138 1
192 107 49 1
120 109 153 1
277 111 221 1
187 115 58 1
259 120 53 1
176 122 217 1
154 131 41 1
152 141 193 1
142 142 21 1
142 144 14 1
253 154 55 1
69 165 110 1
221 165 79 1
44 169 113 1
130 170 101 1
231 186 79 1
87 187 96 1
163 190 260 1
149 191 248 1
214 196 250 1
130 208 269 1
230 219 262 1
59 224 96 1
296 224 63 1
280 234 69 1
127 236 229 1
247 236 84 1
104 240 28 1
125 244 191 1
76 245 73 1
242 250 90 1
271 255 83 1
131 260 166 1
199 267 97 1
41 269 107 1
95 275 225 1
134 279 153 1
176 281 118 1
201 291 281 1
53 293 318 1
77 296 205 1
116 301 172 1
148 322 132 1
111 326 172 1
196 340 128 1
142 155 48 3
114 269 164 3
