113 15 104 1
99 19 298 1
263 22 240 1
147 33 118 1
150 43 79 1
177 47 238 1
135 48 90 1
158 49 73 1
211 56 76 1
186 63 84 1
62 67 93 1
265 70 70 1
238 81 79 1
154 87 250 1
103 96 76 1
209 105 93 1
52 109 94 1
67 139 87 1
184 141 125 1
108 147 63 1
285 149 84 1
167 156 312 1
232 161 100 1
98 162 70 1
179 164 160 1
151 166 10 1
189 170 134 1
210 171 115 1
68 179 84 1
172 188 174 1
60 198 87 1
158 200 347 1
290 213 293 1
198 219 141 1
213 231 301 1
71 234 219 1
103 235 224 1
89 237 208 1
283 237 300 1
258 241 307 1
217 244 316 1
127 262 197 1
236 278 333 1
111 280 181 1
156 289 174 1
165 151 207 3
