133 15 20 1
253 37 238 1
141 38 195 1
240 46 59 1
95 67 131 1
159 95 63 1
132 102 183 1
79 106 301 1
96 107 104 1
132 118 155 1
138 131 69 1
115 134 93 1
159 142 245 1
39 149 93 1
191 149 79 1
166 154 90 1
269 163 66 1
243 166 73 1
217 176 84 1
80 182 79 1
134 182 253 1
130 186 246 1
189 196 94 1
176 203 273 1
142 216 262 1
138 217 243 1
279 217 267 1
45 218 94 1
160 229 118 1
81 232 65 1
258 242 90 1
71 248 73 1
150 248 298 1
201 256 107 1
147 257 235 1
166 264 125 1
142 265 208 1
176 265 118 1
144 277 174 1
120 298 6 1
161 310 150 1
180 326 304 1
74 330 219 1
191 337 318 1
225 337 311 1
97 350 197 1
126 127 60 3
147 251 203 3
