147 12 197 1
245 19 59 1
100 40 131 1
161 67 62 1
234 68 63 1
135 76 183 1
84 81 297 1
99 84 101 1
250 93 243 1
276 97 58 1
129 103 90 1
135 108 79 1
119 112 91 1
142 114 76 1
162 116 248 1
195 120 79 1
45 124 93 1
169 124 84 1
248 139 76 1
276 140 62 1
136 148 253 1
221 148 82 1
147 150 270 1
85 155 82 1
135 161 243 1
34 163 98 1
191 169 96 1
134 175 239 1
282 176 66 1
142 184 270 1
46 197 87 1
164 204 122 1
86 205 68 1
268 209 89 1
76 220 76 1
207 229 104 1
134 230 354 1
168 232 131 1
189 234 115 1
47 235 90 1
275 239 273 1
149 251 174 1
35 273 97 1
265 274 293 1
133 279 352 1
172 285 142 1
45 289 203 1
188 292 302 1
78 294 226 1
259 294 302 1
65 296 215 1
233 309 307 1
191 311 319 1
99 323 203 1
81 340 193 1
209 347 330 1
130 103 57 3
146 204 161 3
