49 65 170 1
205 93 23 1
115 102 191 1
92 114 11 1
108 137 194 1
226 147 214 1
60 162 142 1
233 175 56 1
128 180 42 1
51 187 328 1
62 190 118 1
89 205 17 1
170 210 59 1
93 213 62 1
210 214 70 1
85 217 89 1
111 221 70 1
174 245 93 1
45 249 70 1
123 250 278 1
143 260 284 1
130 274 173 1
173 279 300 1
201 279 108 1
179 283 160 1
156 284 316 1
52 286 44 1
40 295 48 1
129 295 354 1
181 296 153 1
138 300 174 1
184 306 129 1
169 309 139 1
130 314 174 1
147 319 160 1
91 213 41 3
113 248 173 3
