153 22 190 1
58 26 314 1
109 53 122 1
253 68 55 1
138 70 8 1
176 72 55 1
155 78 188 1
115 91 98 1
272 91 238 1
98 94 293 1
49 96 98 1
179 110 232 1
210 116 70 1
162 120 73 1
137 122 82 1
189 123 79 1
276 136 70 1
246 144 76 1
63 145 90 1
166 151 260 1
107 166 76 1
217 171 90 1
55 186 90 1
113 215 60 1
71 218 84 1
160 232 24 1
104 233 68 1
237 234 96 1
204 235 281 1
188 238 173 1
219 242 110 1
190 247 165 1
190 258 158 1
75 261 79 1
57 276 107 1
68 282 90 1
169 288 349 1
226 294 297 1
215 298 141 1
68 302 83 1
114 310 217 1
231 314 315 1
83 316 190 1
102 317 201 1
141 336 188 1
72 312 -1 -1 -1 2
145 105 53 3
188 240 199 3
