128 33 167 1
183 76 200 1
87 77 333 1
159 83 20 1
172 108 197 1
275 121 58 1
121 135 132 1
59 146 114 1
185 165 63 1
261 166 66 1
154 171 177 1
105 172 304 1
121 176 104 1
276 189 242 1
150 202 90 1
156 202 82 1
140 206 94 1
60 209 98 1
164 211 79 1
183 212 250 1
213 217 79 1
190 219 87 1
273 234 76 1
155 240 256 1
102 246 84 1
244 246 84 1
46 247 107 1
162 247 276 1
155 256 243 1
211 269 98 1
153 270 239 1
161 277 273 1
165 281 287 1
55 284 93 1
173 286 145 1
102 299 68 1
281 308 84 1
88 310 76 1
52 321 91 1
32 323 114 1
229 328 105 1
205 341 121 1
148 190 62 3
