133 42 122 1
269 60 62 1
198 67 59 1
128 74 307 1
138 82 101 1
161 88 101 1
167 94 68 1
166 104 82 1
181 110 73 1
157 112 83 1
201 113 243 1
233 117 73 1
208 121 82 1
85 131 90 1
261 140 79 1
178 146 246 1
189 148 264 1
127 152 82 1
182 160 250 1
232 166 93 1
76 171 90 1
176 171 238 1
189 184 266 1
90 201 87 1
179 201 235 1
135 205 63 1
194 223 276 1
122 224 70 1
251 226 96 1
188 227 225 1
226 235 110 1
199 240 302 1
91 245 80 1
180 259 218 1
188 259 226 1
171 261 34 1
167 263 224 1
198 264 302 1
200 274 174 1
200 289 166 1
219 295 297 1
237 298 301 1
127 300 222 1
113 303 210 1
221 307 298 1
252 307 311 1
225 316 316 1
161 84 67 3
187 266 162 3
