74 20 114 1
141 36 124 1
185 53 195 1
278 58 59 1
202 65 56 1
177 68 174 1
81 76 104 1
128 77 295 1
144 77 98 1
186 95 63 1
58 98 285 1
208 99 243 1
181 101 79 1
235 107 75 1
161 112 82 1
215 115 82 1
47 125 104 1
92 128 90 1
184 137 248 1
268 137 82 1
135 153 79 1
238 158 90 1
178 159 242 1
196 162 250 1
214 175 108 1
87 176 90 1
145 196 65 1
99 203 87 1
167 203 238 1
130 220 70 1
261 220 96 1
100 243 80 1
88 258 113 1
222 260 143 1
94 268 98 1
188 276 0 1
246 289 297 1
292 293 297 1
128 297 218 1
122 305 188 1
201 306 188 1
257 307 312 1
239 323 321 1
163 327 194 1
197 351 173 1
99 290 -1 -1 -1 2
173 85 55 3
