142 23 145 1
179 90 336 1
119 92 124 1
150 105 122 1
267 113 46 1
84 116 118 1
221 125 186 1
156 128 110 1
258 134 56 1
96 140 114 1
217 151 76 1
232 157 80 1
183 163 93 1
246 182 96 1
169 185 89 1
219 197 267 1
290 197 75 1
283 200 87 1
191 204 68 1
155 205 281 1
161 205 90 1
215 209 269 1
243 210 114 1
260 219 96 1
219 221 290 1
199 233 253 1
121 239 83 1
248 242 138 1
183 248 55 1
191 248 39 1
256 248 278 1
150 249 68 1
84 255 82 1
284 255 97 1
189 282 235 1
250 292 165 1
224 295 0 1
197 296 28 1
225 315 3 1
238 332 0 1
113 334 238 1
214 150 61 3
214 220 176 3
