82 73 127 1
138 74 336 1
117 87 128 1
44 94 122 1
228 100 46 1
182 110 188 1
116 112 113 1
57 119 118 1
218 119 59 1
269 141 66 1
188 146 90 1
141 148 93 1
199 161 91 1
123 171 87 1
235 179 83 1
247 180 75 1
186 184 162 1
200 195 115 1
141 197 59 1
163 198 8 1
218 208 101 1
78 216 86 1
246 219 82 1
36 226 86 1
100 226 72 1
135 232 56 1
240 238 93 1
156 247 28 1
254 257 91 1
155 263 229 1
259 270 214 1
206 277 166 1
145 278 38 1
178 280 1 1
271 280 198 1
179 299 3 1
187 310 8 1
74 314 236 1
180 352 203 1
259 269 -1 -1 -1 2
175 135 64 3
172 182 190 3
