243 54 194 1
224 55 14 1
128 72 169 1
276 78 203 1
279 104 51 1
95 128 143 1
146 156 346 1
129 159 142 1
125 179 125 1
273 196 294 1
251 198 243 1
185 202 193 1
223 207 59 1
267 208 280 1
177 209 139 1
186 213 76 1
174 226 110 1
196 227 79 1
183 231 96 1
143 237 97 1
126 251 97 1
206 258 101 1
164 266 264 1
242 266 93 1
255 269 82 1
179 272 276 1
71 279 93 1
178 289 293 1
202 293 134 1
148 295 267 1
176 296 311 1
166 298 281 1
220 301 104 1
163 302 0 1
247 306 96 1
192 315 163 1
66 318 76 1
113 323 58 1
196 327 160 1
175 328 340 1
145 331 35 1
130 332 48 1
181 208 70 3
164 300 201 3
