147 17 169 1
70 76 143 1
102 77 146 1
154 103 352 1
131 107 142 1
72 112 134 1
124 134 127 1
244 153 59 1
185 154 203 1
220 166 70 1
138 179 104 1
167 179 98 1
183 186 101 1
116 192 101 1
192 202 104 1
165 210 270 1
65 211 104 1
176 214 290 1
165 221 290 1
181 221 143 1
225 225 96 1
238 230 89 1
83 232 90 1
134 235 58 1
186 246 148 1
206 256 124 1
228 267 101 1
138 271 30 1
124 272 59 1
34 284 255 1
123 290 240 1
214 304 301 1
124 305 41 1
147 310 15 1
178 313 174 1
143 321 21 1
151 338 18 1
174 172 70 3
158 226 186 3
