172 27 17 1
48 38 314 1
172 59 180 1
118 61 336 1
282 68 248 1
283 80 229 1
139 94 352 1
286 98 233 1
66 120 127 1
42 131 134 1
165 144 197 1
75 147 120 1
97 151 114 1
200 153 68 1
263 158 73 1
169 171 83 1
151 172 96 1
122 175 98 1
251 188 70 1
97 191 93 1
157 197 276 1
176 197 103 1
165 216 150 1
128 223 41 1
210 223 93 1
117 229 63 1
229 234 82 1
53 235 91 1
172 241 143 1
73 253 77 1
192 256 121 1
108 266 59 1
217 268 84 1
122 280 41 1
212 290 113 1
121 295 239 1
220 298 87 1
111 311 45 1
144 314 10 1
169 314 169 1
203 315 311 1
140 328 17 1
151 348 14 1
157 157 69 3
154 210 195 3
