100 12 293 1
189 34 66 1
213 35 73 1
75 41 104 1
177 48 96 1
170 50 107 1
188 59 93 1
123 74 91 1
237 77 87 1
269 79 84 1
164 81 284 1
160 91 277 1
207 96 103 1
168 100 298 1
192 108 127 1
161 114 314 1
213 127 103 1
123 128 76 1
184 137 152 1
109 138 79 1
267 139 82 1
152 140 4 1
186 148 142 1
69 175 62 1
106 185 52 1
286 186 98 1
176 195 174 1
76 200 235 1
108 208 232 1
210 215 143 1
163 220 188 1
125 232 205 1
272 237 308 1
161 250 354 1
231 252 319 1
88 254 203 1
183 262 345 1
123 263 194 1
241 266 325 1
151 287 4 1
235 290 343 1
159 150 228 3
