71 17 117 1
101 19 318 1
162 20 11 1
126 28 332 1
179 37 45 1
175 49 203 1
215 50 62 1
128 53 330 1
138 63 346 1
65 65 290 1
153 82 65 1
178 86 76 1
135 101 107 1
43 111 101 1
154 112 98 1
201 127 90 1
128 129 291 1
92 131 93 1
231 131 90 1
244 138 77 1
125 139 274 1
171 147 103 1
138 151 294 1
156 160 128 1
129 168 298 1
114 180 27 1
88 183 73 1
178 184 104 1
121 192 354 1
141 196 165 1
231 197 87 1
80 205 68 1
138 229 165 1
260 238 75 1
43 239 65 1
241 244 96 1
77 245 51 1
171 269 136 1
41 270 76 1
48 272 240 1
53 276 46 1
135 280 173 1
76 281 228 1
54 290 39 1
237 296 302 1
87 302 207 1
133 311 338 1
191 317 308 1
163 327 315 1
204 329 319 1
91 333 197 1
144 82 76 3
