198 11 4 1
208 26 179 1
185 47 160 1
222 56 27 1
274 58 49 1
56 73 122 1
113 73 121 1
277 76 226 1
142 79 322 1
199 86 14 1
171 92 343 1
217 104 52 1
209 108 194 1
170 116 343 1
102 121 294 1
252 122 68 1
180 127 11 1
181 145 52 1
211 151 79 1
79 161 107 1
175 164 103 1
167 166 110 1
182 179 107 1
223 183 90 1
34 186 284 1
123 188 98 1
164 191 290 1
261 201 93 1
154 203 277 1
277 210 79 1
162 212 302 1
199 212 105 1
185 222 125 1
34 227 276 1
157 229 305 1
113 238 82 1
175 244 143 1
201 247 107 1
49 251 278 1
144 253 7 1
103 259 79 1
251 263 89 1
167 266 169 1
63 293 75 1
94 308 59 1
159 311 172 1
263 321 103 1
68 338 239 1
97 343 233 1
178 147 80 3
153 231 192 3
