125 57 349 1
159 79 11 1
184 91 201 1
155 98 180 1
134 119 166 1
221 124 52 1
165 128 23 1
66 130 138 1
224 143 224 1
89 146 329 1
149 162 23 1
110 163 343 1
43 180 305 1
167 182 53 1
151 189 200 1
105 191 336 1
196 192 63 1
115 201 357 1
231 208 250 1
152 230 84 1
103 244 118 1
115 245 114 1
53 251 107 1
119 254 117 1
163 258 93 1
208 258 89 1
135 282 111 1
93 284 302 1
92 293 312 1
40 297 87 1
116 297 132 1
85 305 255 1
23 306 87 1
137 312 114 1
63 315 49 1
194 318 96 1
103 319 150 1
77 325 349 1
97 335 166 1
120 223 88 3
83 301 216 3
