226 22 48 1
139 23 163 1
170 25 20 1
68 31 136 1
228 41 221 1
99 50 328 1
158 67 20 1
120 70 339 1
53 82 305 1
175 85 49 1
204 91 60 1
161 96 197 1
116 99 336 1
124 110 353 1
129 134 53 1
164 136 82 1
127 140 114 1
63 155 105 1
114 155 114 1
128 155 117 1
135 158 104 1
181 165 94 1
218 165 87 1
232 166 76 1
105 175 301 1
249 181 264 1
99 184 288 1
149 188 110 1
48 194 83 1
132 200 135 1
37 202 87 1
76 214 45 1
153 214 114 1
210 217 96 1
92 225 352 1
118 226 163 1
112 235 172 1
36 256 44 1
219 262 113 1
98 266 186 1
78 283 203 1
53 285 23 1
134 285 156 1
83 312 6 1
136 319 160 1
153 328 325 1
105 333 352 1
129 133 85 3
97 203 213 3
