83 21 353 1
102 32 30 1
57 34 329 1
140 34 51 1
198 41 55 1
101 45 190 1
62 59 325 1
69 66 338 1
119 83 70 1
71 88 352 1
74 108 98 1
95 111 90 1
173 111 76 1
187 113 68 1
143 117 82 1
71 133 276 1
115 140 87 1
36 144 79 1
68 144 259 1
79 152 281 1
104 155 111 1
73 160 270 1
126 171 90 1
178 172 73 1
71 175 248 1
102 185 136 1
41 193 66 1
76 197 340 1
106 197 128 1
30 209 69 1
218 218 70 1
201 220 82 1
104 239 148 1
222 257 278 1
138 260 121 1
35 264 41 1
207 273 293 1
226 280 322 1
103 281 162 1
17 292 37 1
51 294 215 1
166 308 301 1
68 309 188 1
179 313 309 1
208 313 316 1
104 319 328 1
127 324 323 1
177 335 323 1
72 341 183 1
160 349 338 1
79 89 71 3
74 172 190 3
