221 20 27 1
186 26 340 1
222 42 191 1
234 42 56 1
185 52 340 1
116 55 297 1
189 61 354 1
266 64 72 1
230 94 90 1
88 95 110 1
180 102 117 1
191 105 113 1
193 118 113 1
169 124 297 1
134 126 104 1
233 128 96 1
56 134 293 1
162 134 281 1
268 144 96 1
171 145 301 1
207 151 110 1
162 154 287 1
166 159 312 1
187 161 138 1
121 174 87 1
207 184 111 1
177 186 145 1
146 188 3 1
108 196 82 1
256 212 98 1
65 229 70 1
156 231 203 1
158 235 318 1
159 241 186 1
100 250 55 1
188 274 138 1
96 276 238 1
144 279 191 1
102 306 214 1
201 324 316 1
141 326 343 1
103 330 203 1
209 342 322 1
191 83 84 3
148 242 167 3
