172 27 166 1
151 34 352 1
134 40 146 1
159 42 156 1
106 49 323 1
77 62 128 1
127 63 328 1
105 75 319 1
268 84 239 1
143 85 332 1
187 85 34 1
181 105 197 1
266 105 239 1
145 108 342 1
221 108 63 1
270 116 73 1
74 118 138 1
61 119 117 1
158 120 15 1
186 121 211 1
157 145 76 1
230 145 94 1
196 148 83 1
112 149 304 1
43 155 114 1
93 156 294 1
106 168 97 1
86 178 93 1
123 178 294 1
110 182 276 1
91 191 273 1
257 193 80 1
108 195 93 1
242 195 260 1
226 200 90 1
242 208 90 1
223 211 97 1
207 212 281 1
157 231 293 1
198 238 101 1
181 252 287 1
91 253 62 1
110 253 31 1
299 267 256 1
113 270 240 1
143 272 305 1
296 293 257 1
242 300 91 1
258 310 70 1
237 326 83 1
148 156 81 3
