227 16 89 1
115 22 79 1
156 23 111 1
181 42 110 1
196 45 277 1
129 47 298 1
121 55 262 1
98 59 63 1
76 60 76 1
115 67 253 1
208 70 110 1
111 80 245 1
284 85 96 1
234 86 284 1
108 90 246 1
81 92 59 1
124 92 298 1
163 93 127 1
247 100 101 1
112 104 287 1
99 106 233 1
105 111 256 1
175 122 124 1
61 124 68 1
133 129 148 1
192 132 118 1
95 152 180 1
69 153 0 1
141 162 316 1
187 163 305 1
262 165 302 1
49 174 333 1
149 183 332 1
257 196 328 1
174 199 339 1
207 209 333 1
124 214 343 1
150 222 163 1
217 231 149 1
117 233 90 1
166 234 143 1
128 241 322 1
182 243 136 1
136 244 117 1
143 259 316 1
175 268 325 1
189 269 153 1
166 316 329 1
202 324 346 1
