164 22 8 1
159 37 172 1
90 62 132 1
137 64 336 1
249 72 59 1
156 105 28 1
273 133 76 1
183 145 90 1
228 145 87 1
157 155 114 1
128 161 287 1
200 166 267 1
183 172 113 1
96 188 59 1
114 196 256 1
210 198 110 1
111 208 240 1
265 210 100 1
285 211 96 1
235 214 287 1
107 216 242 1
124 221 301 1
164 221 127 1
255 231 104 1
290 233 276 1
111 234 290 1
177 251 127 1
132 260 145 1
194 261 121 1
234 261 117 1
278 275 294 1
223 282 298 1
97 286 172 1
153 289 307 1
197 290 300 1
264 295 307 1
148 117 76 3
