116 22 356 1
88 24 163 1
44 64 335 1
118 65 169 1
93 74 345 1
113 84 352 1
110 93 160 1
106 109 349 1
120 123 153 1
47 133 127 1
118 142 346 1
122 154 25 1
120 162 42 1
142 170 76 1
115 171 96 1
52 172 101 1
199 175 84 1
127 194 104 1
174 197 264 1
92 199 267 1
87 203 68 1
153 206 100 1
100 211 276 1
103 223 290 1
183 228 101 1
209 239 278 1
100 240 277 1
52 241 73 1
71 241 62 1
90 243 248 1
88 255 235 1
37 258 79 1
143 261 113 1
85 266 239 1
104 270 290 1
60 275 49 1
94 283 276 1
216 285 104 1
79 287 228 1
176 296 107 1
160 297 117 1
101 304 304 1
114 304 139 1
211 306 284 1
45 308 65 1
183 326 294 1
79 335 177 1
119 164 71 3
84 298 164 3
