167 19 160 1
255 19 62 1
92 27 127 1
146 29 343 1
160 50 27 1
157 61 62 1
149 65 110 1
90 70 110 1
274 79 82 1
229 93 93 1
124 96 278 1
159 98 114 1
119 100 82 1
130 109 284 1
204 109 276 1
184 114 111 1
132 121 298 1
99 134 68 1
79 137 84 1
126 138 285 1
208 144 113 1
116 145 256 1
113 157 246 1
282 160 98 1
232 164 287 1
243 166 110 1
108 167 250 1
164 167 124 1
124 169 298 1
81 173 58 1
114 181 284 1
285 183 278 1
168 185 117 1
110 198 308 1
169 205 124 1
130 208 142 1
189 209 117 1
228 211 114 1
219 231 294 1
141 240 311 1
182 243 307 1
254 248 307 1
102 253 166 1
152 267 329 1
162 290 338 1
153 62 76 3
102 195 171 3
