251 31 204 1
205 50 14 1
229 57 200 1
155 61 0 1
187 61 180 1
176 76 6 1
170 91 169 1
149 117 338 1
265 127 55 1
151 128 349 1
171 129 183 1
97 132 135 1
175 166 51 1
158 175 105 1
288 176 73 1
183 186 87 1
191 186 232 1
243 196 87 1
198 201 87 1
209 205 256 1
171 208 115 1
146 209 273 1
129 212 73 1
150 224 287 1
191 225 110 1
142 234 264 1
145 246 298 1
227 247 110 1
132 252 250 1
30 256 284 1
245 264 288 1
267 276 96 1
187 290 108 1
256 306 113 1
213 310 114 1
159 172 71 3
