264 33 70 1
122 38 79 1
157 43 267 1
218 56 84 1
193 57 103 1
206 58 94 1
82 60 90 1
139 60 41 1
177 61 138 1
248 72 93 1
265 75 79 1
118 82 66 1
166 82 165 1
133 85 52 1
113 96 65 1
281 104 84 1
84 105 84 1
101 106 70 1
161 110 194 1
224 119 111 1
252 134 100 1
194 135 132 1
119 151 49 1
131 153 34 1
93 158 66 1
118 169 42 1
191 170 142 1
142 183 221 1
168 191 325 1
98 193 68 1
131 199 212 1
156 204 191 1
188 209 325 1
256 209 308 1
180 220 163 1
189 234 326 1
286 241 325 1
165 256 163 1
219 256 328 1
188 269 346 1
159 98 217 3
