122 11 329 1
233 11 42 1
139 23 354 1
250 52 59 1
152 54 18 1
94 58 113 1
63 73 107 1
159 84 69 1
150 89 84 1
143 90 93 1
254 117 73 1
113 119 82 1
147 124 270 1
73 139 93 1
182 139 103 1
209 139 90 1
129 141 42 1
196 141 97 1
167 143 141 1
287 147 66 1
276 155 72 1
237 158 96 1
255 159 84 1
108 162 70 1
123 167 53 1
286 174 242 1
72 182 84 1
91 189 73 1
104 189 62 1
145 190 222 1
269 191 87 1
212 204 114 1
141 208 350 1
182 216 134 1
239 219 103 1
119 235 31 1
106 236 48 1
81 238 70 1
104 253 45 1
175 254 146 1
127 258 225 1
83 272 72 1
147 277 340 1
118 279 212 1
140 284 191 1
175 290 323 1
241 293 308 1
161 303 167 1
179 317 328 1
201 323 153 1
149 82 64 3
146 187 217 3
