206 20 53 1
107 36 1 1
116 60 55 1
110 68 79 1
104 70 90 1
216 82 66 1
76 105 76 1
111 105 263 1
172 108 80 1
159 109 84 1
252 111 65 1
146 115 96 1
131 120 135 1
242 120 66 1
93 122 34 1
204 124 90 1
219 131 82 1
256 144 246 1
74 149 62 1
90 151 38 1
118 154 203 1
240 157 84 1
71 167 58 1
118 169 187 1
176 182 110 1
215 191 96 1
152 193 129 1
93 220 20 1
145 229 138 1
106 247 210 1
131 252 315 1
221 263 302 1
120 267 180 1
155 267 314 1
145 280 152 1
163 294 316 1
187 300 148 1
110 63 63 3
115 162 217 3
