233 24 76 1
83 42 96 1
117 60 294 1
92 68 60 1
66 80 84 1
127 83 158 1
213 83 87 1
143 87 125 1
156 89 111 1
79 90 73 1
58 93 87 1
169 93 110 1
279 101 76 1
101 110 231 1
190 120 113 1
240 127 84 1
93 128 225 1
201 131 101 1
228 133 89 1
90 134 352 1
93 141 218 1
56 153 52 1
232 153 259 1
117 159 152 1
142 161 134 1
210 162 101 1
173 179 115 1
55 181 238 1
105 190 163 1
230 198 101 1
76 201 349 1
167 202 293 1
60 207 215 1
158 207 131 1
91 226 343 1
74 238 188 1
152 250 330 1
88 252 349 1
205 265 328 1
109 268 174 1
169 290 349 1
99 115 174 3
