197 40 55 1
243 46 235 1
110 48 127 1
167 69 208 1
69 80 114 1
152 87 79 1
122 93 93 1
185 113 115 1
164 115 250 1
257 120 82 1
218 126 89 1
196 128 105 1
68 133 96 1
136 135 46 1
90 144 79 1
181 149 159 1
192 158 132 1
232 158 93 1
111 159 66 1
71 168 84 1
206 168 117 1
151 172 17 1
59 177 90 1
136 177 45 1
45 189 98 1
240 190 96 1
144 200 32 1
101 201 58 1
212 201 128 1
242 214 98 1
174 221 191 1
215 226 139 1
185 236 326 1
241 248 139 1
209 252 321 1
181 254 346 1
231 273 319 1
186 283 4 1
155 304 204 1
110 320 208 1
145 80 53 3
165 124 182 3
