160 37 148 1
244 38 34 1
74 40 323 1
198 47 14 1
151 50 333 1
230 110 53 1
46 115 127 1
276 117 235 1
144 118 124 1
200 138 204 1
173 154 90 1
102 155 110 1
186 157 76 1
157 163 93 1
60 177 111 1
220 183 111 1
193 184 256 1
254 195 87 1
232 198 103 1
104 205 98 1
171 205 46 1
67 217 110 1
126 217 79 1
217 221 165 1
72 228 285 1
229 228 129 1
147 231 66 1
265 234 96 1
241 241 117 1
106 244 84 1
189 244 13 1
94 251 87 1
172 254 41 1
80 264 96 1
183 273 32 1
138 275 58 1
241 275 134 1
208 294 200 1
59 299 90 1
252 299 139 1
226 311 322 1
215 328 349 1
243 328 326 1
180 150 53 3
201 196 182 3
