254 64 55 1
167 73 128 1
223 93 205 1
122 102 114 1
176 112 101 1
79 120 120 1
213 139 259 1
240 140 125 1
273 152 93 1
120 153 104 1
250 154 108 1
87 159 107 1
187 160 58 1
141 166 84 1
87 170 287 1
233 175 165 1
161 181 69 1
244 184 135 1
120 190 90 1
280 190 101 1
202 196 17 1
256 197 122 1
107 198 93 1
185 200 51 1
92 209 101 1
193 218 37 1
290 219 104 1
150 223 62 1
253 229 136 1
226 240 181 1
70 243 90 1
262 252 142 1
238 262 323 1
227 278 349 1
255 278 322 1
226 308 10 1
196 328 207 1
204 106 57 3
217 149 187 3
