119 23 135 1
205 24 62 1
249 39 246 1
171 48 207 1
70 52 121 1
125 69 101 1
184 97 129 1
64 100 107 1
168 101 290 1
194 111 117 1
85 112 90 1
131 112 62 1
216 114 97 1
253 115 90 1
176 130 167 1
105 132 73 1
61 138 90 1
185 140 138 1
47 146 96 1
143 149 23 1
220 152 107 1
196 155 128 1
133 171 41 1
89 172 63 1
191 187 143 1
162 195 191 1
225 201 108 1
199 210 146 1
240 215 93 1
165 216 338 1
162 234 354 1
188 236 333 1
218 241 148 1
162 264 15 1
104 290 69 1
96 295 76 1
148 297 66 1
151 59 57 3
164 102 185 3
