121 27 114 1
179 32 191 1
170 54 62 1
144 67 82 1
208 68 94 1
244 68 72 1
86 76 96 1
183 77 239 1
223 77 86 1
190 78 246 1
195 89 290 1
264 98 79 1
50 104 97 1
167 106 34 1
207 106 174 1
229 108 115 1
244 112 96 1
283 122 82 1
102 124 82 1
126 125 63 1
194 133 359 1
152 134 49 1
78 136 93 1
254 143 114 1
293 144 87 1
183 150 20 1
115 157 63 1
271 159 117 1
195 162 14 1
105 166 73 1
231 166 165 1
98 176 80 1
155 177 38 1
251 181 302 1
273 195 305 1
248 198 323 1
301 215 138 1
276 235 328 1
234 253 181 1
195 283 191 1
163 49 40 3
192 84 173 3
