152 13 24 1
170 72 58 1
84 78 131 1
219 84 239 1
140 104 210 1
123 124 79 1
92 126 98 1
155 149 125 1
128 151 262 1
134 154 270 1
225 156 84 1
136 158 293 1
187 160 94 1
53 166 84 1
101 168 58 1
168 168 110 1
147 184 167 1
73 185 70 1
30 190 87 1
152 193 150 1
194 196 101 1
171 201 120 1
115 203 20 1
203 223 98 1
106 225 37 1
60 226 62 1
166 236 138 1
137 247 187 1
205 247 107 1
217 249 87 1
176 257 142 1
148 269 328 1
201 279 142 1
138 283 352 1
169 283 319 1
190 298 315 1
143 311 10 1
106 328 205 1
118 115 57 3
133 157 185 3
