78 24 321 1
186 61 51 1
200 68 62 1
202 78 243 1
236 86 246 1
154 90 210 1
133 102 105 1
139 111 79 1
109 113 101 1
87 121 104 1
170 136 127 1
144 137 259 1
150 137 267 1
235 137 82 1
152 143 293 1
203 149 94 1
181 150 114 1
119 152 49 1
70 158 84 1
163 169 163 1
41 173 98 1
91 176 66 1
173 179 135 1
48 181 87 1
215 181 101 1
133 190 18 1
186 190 121 1
115 193 51 1
248 197 73 1
70 209 60 1
124 212 38 1
219 213 101 1
183 224 138 1
155 234 186 1
221 237 107 1
235 239 82 1
193 245 142 1
159 255 332 1
233 265 65 1
217 268 139 1
158 271 349 1
187 271 321 1
224 277 98 1
206 294 339 1
227 297 188 1
178 315 357 1
127 320 207 1
196 330 186 1
81 334 211 1
223 284 -1 -1 -1 2
134 101 56 3
149 143 184 3
