181 30 42 1
147 56 208 1
228 69 52 1
118 78 170 1
218 93 62 1
89 96 104 1
124 99 53 1
176 103 65 1
116 110 79 1
126 113 63 1
194 124 68 1
185 131 248 1
104 132 73 1
68 133 93 1
256 153 62 1
137 163 245 1
130 164 248 1
229 165 73 1
76 180 73 1
269 187 63 1
176 195 91 1
228 204 87 1
156 218 273 1
260 227 82 1
196 229 104 1
149 237 291 1
271 237 77 1
260 265 278 1
198 267 124 1
185 272 294 1
136 280 14 1
231 280 294 1
252 285 307 1
198 287 294 1
215 287 297 1
115 94 46 3
148 236 167 3
