172 11 18 1
201 19 204 1
72 56 305 1
114 58 322 1
196 67 52 1
183 92 56 1
111 109 304 1
220 119 246 1
176 125 221 1
59 126 114 1
134 134 107 1
215 135 76 1
142 146 312 1
149 146 114 1
160 146 62 1
153 150 98 1
157 151 79 1
162 175 94 1
154 178 104 1
206 188 90 1
158 206 278 1
240 208 73 1
219 232 96 1
173 238 288 1
233 239 82 1
252 260 66 1
232 269 104 1
163 280 118 1
158 306 298 1
168 308 129 1
54 309 315 1
95 310 318 1
148 310 128 1
237 310 122 1
214 319 307 1
177 337 311 1
153 117 87 3
