119 32 98 1
176 38 257 1
221 40 94 1
198 52 105 1
179 53 271 1
166 61 76 1
128 63 87 1
139 65 79 1
95 66 98 1
178 67 257 1
229 68 89 1
43 72 104 1
159 75 68 1
165 75 256 1
251 75 77 1
186 76 283 1
175 87 264 1
200 87 111 1
183 97 288 1
112 99 90 1
98 106 100 1
235 111 93 1
166 119 253 1
211 124 110 1
144 137 63 1
108 140 90 1
245 145 90 1
71 171 121 1
174 171 186 1
99 172 98 1
251 173 70 1
241 177 128 1
102 182 72 1
169 184 330 1
245 185 270 1
121 187 239 1
258 193 205 1
98 194 86 1
228 194 298 1
77 202 308 1
109 202 195 1
88 204 335 1
240 209 352 1
202 222 333 1
149 228 193 1
81 234 343 1
100 191 -1 -1 -1 2
252 189 -1 -1 -1 2
172 137 210 3
