209 37 235 1
141 39 172 1
207 74 68 1
131 75 20 1
264 85 68 1
129 89 66 1
84 104 90 1
199 109 87 1
149 115 239 1
254 120 73 1
174 122 104 1
158 124 262 1
65 127 90 1
134 129 62 1
109 131 70 1
99 133 76 1
210 135 89 1
153 136 245 1
234 137 79 1
160 140 284 1
179 150 110 1
148 152 248 1
142 154 243 1
160 155 293 1
86 163 82 1
72 169 93 1
217 170 90 1
256 179 73 1
192 184 110 1
147 187 246 1
82 198 86 1
149 198 232 1
124 201 58 1
229 204 84 1
137 221 37 1
159 225 162 1
79 226 97 1
237 230 66 1
134 232 238 1
87 239 58 1
146 239 214 1
253 243 235 1
151 244 319 1
82 246 96 1
235 246 135 1
151 249 332 1
214 251 301 1
224 268 346 1
221 279 349 1
187 280 336 1
133 287 193 1
134 37 32 3
147 231 167 3
