224 13 203 1
172 20 14 1
268 45 37 1
245 56 37 1
225 60 204 1
183 68 186 1
141 78 352 1
202 99 24 1
143 107 169 1
167 116 166 1
77 122 336 1
96 125 152 1
146 125 342 1
179 125 14 1
193 149 191 1
114 153 139 1
189 194 186 1
255 210 246 1
183 227 62 1
176 240 87 1
245 251 83 1
105 256 101 1
115 283 90 1
229 285 100 1
128 290 84 1
178 291 276 1
201 292 115 1
163 299 82 1
174 306 267 1
153 307 70 1
238 308 96 1
181 311 294 1
161 314 256 1
199 324 121 1
169 326 270 1
177 326 305 1
162 342 256 1
178 226 76 3
