87 23 148 1
122 36 11 1
256 41 48 1
145 59 193 1
66 76 122 1
141 109 181 1
211 117 231 1
210 152 69 1
265 152 68 1
136 155 63 1
78 175 87 1
197 186 90 1
256 187 73 1
106 193 73 1
153 194 262 1
174 195 107 1
94 203 79 1
211 207 89 1
236 207 76 1
159 213 284 1
145 222 262 1
179 222 111 1
158 228 294 1
81 237 82 1
145 241 245 1
219 241 90 1
144 255 243 1
193 256 110 1
255 256 73 1
231 273 87 1
122 275 55 1
137 296 39 1
240 302 76 1
155 305 307 1
228 306 107 1
132 137 35 3
