120 15 101 1
129 21 48 1
192 31 70 1
245 39 62 1
129 48 69 1
146 59 245 1
187 71 79 1
135 72 253 1
242 79 66 1
83 83 84 1
166 84 90 1
148 88 257 1
201 97 77 1
225 98 69 1
109 108 66 1
99 111 70 1
159 115 273 1
66 117 84 1
135 117 62 1
139 117 246 1
175 120 98 1
151 124 253 1
161 133 274 1
215 137 82 1
251 144 63 1
153 147 253 1
91 148 76 1
194 155 101 1
74 157 87 1
148 159 243 1
231 166 79 1
155 174 226 1
158 177 290 1
130 179 49 1
94 185 79 1
234 198 117 1
166 200 169 1
266 200 222 1
239 204 259 1
255 210 194 1
164 215 314 1
224 216 290 1
116 230 229 1
238 231 338 1
201 251 325 1
150 265 181 1
247 206 -1 -1 -1 2
158 178 199 3
