144 12 31 1
139 20 203 1
197 31 218 1
82 35 163 1
44 60 333 1
107 63 6 1
57 89 145 1
87 90 353 1
230 96 38 1
116 112 180 1
190 144 239 1
197 149 68 1
122 156 177 1
177 156 235 1
116 179 49 1
113 189 98 1
120 190 66 1
216 200 66 1
121 202 79 1
179 210 75 1
233 211 62 1
63 243 93 1
174 243 86 1
224 246 257 1
236 247 70 1
129 256 267 1
147 258 107 1
186 267 86 1
117 268 73 1
124 269 246 1
211 270 70 1
85 274 73 1
28 275 93 1
73 276 82 1
136 276 281 1
110 281 63 1
115 283 253 1
155 290 110 1
128 295 260 1
137 300 288 1
196 305 87 1
55 308 82 1
40 314 93 1
124 322 246 1
170 325 107 1
244 334 55 1
216 341 79 1
99 342 48 1
112 185 64 3
