61 19 121 1
53 21 308 1
219 30 58 1
85 31 113 1
101 37 107 1
251 37 63 1
269 39 239 1
120 52 107 1
73 65 104 1
274 79 255 1
165 83 83 1
225 90 79 1
72 94 283 1
272 108 260 1
111 120 96 1
213 137 90 1
190 138 103 1
170 139 269 1
152 150 72 1
124 152 70 1
169 153 256 1
118 154 84 1
271 155 263 1
223 157 90 1
82 159 93 1
177 163 287 1
33 164 104 1
250 169 79 1
191 178 108 1
167 179 263 1
269 183 263 1
98 188 83 1
230 191 90 1
88 196 100 1
172 196 274 1
164 197 250 1
176 207 294 1
205 213 110 1
266 216 267 1
97 222 91 1
139 222 55 1
164 222 232 1
237 234 87 1
171 250 170 1
170 269 322 1
231 269 293 1
115 291 180 1
83 292 328 1
240 301 332 1
201 306 329 1
142 315 193 1
97 274 -1 -1 -1 2
169 217 180 3
