180 17 103 1
128 18 103 1
87 19 110 1
154 32 285 1
264 38 84 1
55 40 118 1
88 63 101 1
139 67 84 1
176 69 273 1
186 77 287 1
271 77 87 1
173 82 259 1
234 83 107 1
161 97 68 1
96 99 84 1
260 107 97 1
84 110 90 1
48 120 107 1
72 120 101 1
201 133 155 1
146 144 68 1
81 145 87 1
206 156 159 1
177 157 34 1
188 160 339 1
264 164 113 1
70 167 79 1
192 177 219 1
61 187 91 1
93 194 236 1
107 200 242 1
153 202 42 1
140 206 239 1
213 206 343 1
247 208 319 1
82 217 197 1
98 217 219 1
189 222 20 1
230 227 0 1
125 229 215 1
162 232 218 1
140 233 214 1
100 242 188 1
110 271 35 1
124 273 51 1
183 277 200 1
188 162 220 3
