188 41 357 1
139 48 138 1
217 58 20 1
185 91 14 1
147 101 121 1
177 113 145 1
159 118 332 1
170 128 345 1
112 135 114 1
72 136 121 1
189 148 84 1
227 151 73 1
178 152 113 1
182 169 103 1
134 174 104 1
58 175 121 1
88 179 107 1
158 181 283 1
142 218 84 1
179 220 273 1
89 223 104 1
189 226 287 1
237 230 104 1
176 233 259 1
165 252 59 1
97 256 87 1
82 273 87 1
206 281 149 1
69 285 98 1
171 296 49 1
150 297 66 1
191 298 263 1
211 299 121 1
79 306 84 1
158 349 46 1
186 137 57 3
