148 11 333 1
200 48 3 1
149 51 139 1
225 65 20 1
194 98 14 1
155 107 121 1
186 120 148 1
166 127 326 1
78 131 125 1
179 135 347 1
120 138 121 1
194 154 101 1
236 155 72 1
188 158 117 1
52 171 301 1
64 171 117 1
190 175 104 1
94 177 113 1
140 180 104 1
164 188 285 1
54 192 297 1
62 198 113 1
94 218 101 1
148 225 82 1
187 226 270 1
198 230 287 1
249 230 104 1
183 234 259 1
104 252 87 1
173 254 56 1
189 259 242 1
92 266 87 1
198 274 304 1
62 275 104 1
82 277 96 1
216 281 152 1
156 294 63 1
223 296 136 1
91 304 79 1
190 304 20 1
84 329 68 1
106 348 233 1
194 140 99 3
208 319 157 3
