226 21 166 1
201 78 142 1
248 82 44 1
166 90 138 1
232 97 169 1
211 101 338 1
224 112 32 1
130 119 122 1
231 119 172 1
228 131 125 1
219 134 131 1
171 136 118 1
237 137 98 1
190 155 304 1
218 155 117 1
269 157 96 1
118 161 117 1
165 179 98 1
78 187 149 1
60 191 323 1
36 204 316 1
61 206 142 1
89 208 134 1
113 208 101 1
88 219 128 1
41 222 322 1
178 225 83 1
195 255 262 1
149 258 87 1
163 263 75 1
195 264 316 1
191 265 253 1
202 270 152 1
186 274 250 1
178 282 259 1
177 296 314 1
232 126 79 3
