187 24 329 1
239 62 6 1
189 64 143 1
263 80 24 1
232 111 20 1
193 121 122 1
225 133 148 1
205 140 326 1
235 150 172 1
117 152 121 1
160 152 114 1
226 171 113 1
272 174 73 1
109 189 118 1
232 193 98 1
138 195 107 1
182 195 101 1
205 205 283 1
108 217 114 1
141 239 101 1
191 239 82 1
227 242 273 1
284 249 104 1
237 251 281 1
225 255 256 1
155 275 86 1
213 277 63 1
242 286 287 1
134 287 84 1
127 299 96 1
242 304 298 1
237 307 243 1
200 317 66 1
253 327 100 1
220 332 248 1
220 344 243 1
232 153 87 3
