96 12 321 1
186 17 17 1
86 20 142 1
260 25 214 1
53 31 316 1
97 32 142 1
53 43 318 1
207 44 28 1
188 52 195 1
282 52 238 1
107 55 323 1
49 59 315 1
207 61 34 1
61 64 315 1
282 64 224 1
152 66 155 1
105 70 136 1
283 74 222 1
148 86 354 1
86 106 118 1
174 108 177 1
271 120 68 1
178 124 79 1
202 125 79 1
249 135 70 1
64 143 107 1
163 147 103 1
109 149 101 1
204 150 262 1
126 156 93 1
87 161 98 1
274 176 257 1
113 177 86 1
123 181 270 1
119 183 84 1
224 191 100 1
282 191 256 1
64 193 98 1
175 200 284 1
147 203 262 1
70 207 89 1
166 208 267 1
262 225 96 1
147 226 62 1
252 228 84 1
62 236 87 1
50 251 98 1
191 257 153 1
152 262 44 1
131 269 62 1
60 273 84 1
249 282 105 1
166 283 6 1
192 284 163 1
50 298 73 1
73 321 236 1
89 328 239 1
137 328 38 1
121 329 239 1
204 330 340 1
237 332 318 1
71 345 204 1
81 346 205 1
169 121 72 3
176 236 209 3
