154 13 263 1
258 29 250 1
105 34 96 1
213 54 83 1
76 57 97 1
200 57 90 1
249 77 79 1
102 82 280 1
175 89 103 1
59 92 93 1
95 102 264 1
126 102 105 1
254 104 259 1
105 105 290 1
193 105 96 1
53 107 93 1
92 121 267 1
76 123 82 1
95 133 270 1
52 141 90 1
96 147 281 1
121 152 120 1
142 155 107 1
92 156 273 1
75 161 56 1
213 164 87 1
103 166 298 1
85 169 238 1
38 176 87 1
228 184 79 1
91 190 307 1
170 194 107 1
209 194 87 1
197 204 98 1
76 208 17 1
107 221 162 1
194 225 278 1
206 229 104 1
51 235 226 1
73 238 217 1
72 247 194 1
135 250 143 1
89 256 356 1
149 256 302 1
202 259 352 1
100 260 183 1
138 261 302 1
176 266 316 1
83 272 357 1
138 282 332 1
88 190 211 3
