99 23 23 1
209 27 235 1
71 57 354 1
56 78 336 1
136 100 73 1
70 111 111 1
80 114 70 1
117 115 250 1
201 117 70 1
75 120 70 1
220 120 248 1
65 123 101 1
75 135 87 1
87 140 256 1
179 142 77 1
167 147 87 1
239 155 62 1
38 170 94 1
144 184 98 1
69 187 276 1
219 195 257 1
163 196 87 1
95 201 98 1
81 204 107 1
69 213 281 1
45 223 79 1
57 229 262 1
74 233 290 1
64 239 273 1
94 250 115 1
66 251 277 1
116 252 104 1
196 253 84 1
62 263 267 1
76 266 297 1
42 267 55 1
56 268 243 1
204 270 73 1
63 278 281 1
187 279 84 1
147 287 104 1
176 290 93 1
48 313 8 1
167 314 98 1
175 314 270 1
76 320 169 1
78 106 53 3
59 288 210 3
