122 42 340 1
120 48 156 1
179 65 21 1
127 69 339 1
108 101 152 1
79 115 326 1
168 129 28 1
109 149 138 1
195 156 221 1
209 158 55 1
134 161 357 1
97 175 318 1
122 178 346 1
52 182 308 1
107 208 118 1
198 211 76 1
53 213 117 1
126 214 101 1
137 219 82 1
181 223 259 1
131 237 97 1
147 248 264 1
246 256 87 1
228 257 90 1
96 259 97 1
113 277 280 1
79 284 93 1
69 287 96 1
122 287 283 1
203 291 105 1
116 305 262 1
222 306 96 1
134 307 110 1
149 307 107 1
127 309 290 1
96 323 76 1
121 330 270 1
131 331 290 1
73 334 90 1
123 345 281 1
140 211 61 3
