107 21 23 1
135 41 208 1
149 42 46 1
48 52 125 1
78 53 354 1
66 73 336 1
44 78 309 1
145 91 70 1
56 104 110 1
92 106 70 1
76 111 115 1
128 111 250 1
82 115 93 1
87 116 90 1
67 121 298 1
94 123 76 1
196 135 82 1
179 139 87 1
52 159 89 1
157 178 97 1
82 179 273 1
38 189 84 1
178 189 90 1
31 197 87 1
97 201 103 1
108 202 101 1
84 206 278 1
77 219 256 1
60 221 73 1
94 223 284 1
87 239 278 1
110 243 113 1
131 248 104 1
43 249 75 1
81 254 257 1
64 259 55 1
76 260 242 1
93 260 293 1
85 269 284 1
164 282 101 1
71 306 8 1
96 308 162 1
90 103 61 3
81 284 198 3
