72 37 127 1
143 38 6 1
188 49 31 1
178 54 200 1
51 57 305 1
96 75 121 1
122 81 340 1
119 101 332 1
199 104 58 1
92 105 301 1
186 120 232 1
257 131 70 1
112 135 104 1
134 136 87 1
243 137 72 1
153 148 70 1
161 155 246 1
61 159 98 1
226 180 83 1
115 183 79 1
243 185 73 1
152 199 257 1
181 209 90 1
170 213 93 1
148 217 246 1
101 218 77 1
108 218 70 1
158 225 267 1
171 238 273 1
135 242 59 1
159 244 246 1
213 252 93 1
191 254 104 1
164 258 263 1
159 266 238 1
121 269 68 1
96 270 82 1
177 271 284 1
145 275 46 1
159 277 232 1
250 277 87 1
165 281 267 1
280 281 84 1
163 290 221 1
166 292 284 1
115 303 70 1
160 320 3 1
188 320 162 1
149 129 49 3
165 292 167 3
