210 32 48 1
198 35 217 1
113 39 131 1
140 47 352 1
130 67 336 1
104 68 311 1
210 93 79 1
119 99 114 1
193 100 248 1
150 108 76 1
61 116 113 1
137 121 90 1
161 125 253 1
254 136 87 1
236 137 90 1
111 149 100 1
284 151 79 1
212 175 105 1
138 176 285 1
92 180 93 1
82 185 96 1
230 189 96 1
162 192 107 1
136 200 288 1
110 215 79 1
124 215 264 1
130 225 276 1
65 235 98 1
88 238 84 1
157 240 118 1
179 242 107 1
251 248 87 1
110 250 68 1
139 255 297 1
121 256 250 1
265 263 76 1
72 272 82 1
248 277 87 1
208 278 107 1
236 286 98 1
113 299 11 1
233 309 276 1
136 310 180 1
246 316 110 1
88 329 225 1
109 330 218 1
176 336 128 1
189 343 301 1
154 94 53 3
121 274 175 3
