179 12 31 1
138 53 163 1
173 56 32 1
172 68 37 1
186 96 217 1
197 96 52 1
168 104 49 1
82 113 127 1
164 120 62 1
121 144 6 1
168 152 250 1
191 155 82 1
101 157 117 1
127 157 103 1
42 164 295 1
108 168 107 1
117 177 101 1
134 182 90 1
36 195 108 1
217 198 93 1
235 203 90 1
89 207 96 1
264 219 79 1
116 228 281 1
191 238 103 1
109 247 270 1
120 252 290 1
125 252 104 1
210 253 93 1
63 254 93 1
141 258 107 1
86 266 79 1
113 273 273 1
120 274 290 1
73 290 267 1
133 298 122 1
159 302 107 1
231 308 87 1
102 309 248 1
120 309 298 1
189 339 104 1
129 162 67 3
