193 44 217 1
107 46 132 1
209 48 53 1
134 53 354 1
99 71 314 1
123 72 338 1
49 85 302 1
137 98 96 1
199 102 76 1
110 105 114 1
130 106 98 1
183 108 253 1
141 117 79 1
55 119 114 1
131 136 96 1
151 137 259 1
232 150 93 1
102 153 94 1
247 153 87 1
121 179 269 1
129 186 280 1
204 186 103 1
80 187 100 1
85 187 90 1
141 199 107 1
223 201 96 1
154 202 104 1
134 204 287 1
104 223 79 1
118 224 262 1
139 224 287 1
128 226 270 1
58 241 98 1
129 244 284 1
83 248 87 1
151 250 117 1
247 250 84 1
172 253 104 1
122 256 262 1
104 261 58 1
133 266 297 1
65 273 84 1
258 275 79 1
202 288 104 1
241 288 87 1
229 299 96 1
106 306 23 1
131 320 180 1
227 321 276 1
238 330 110 1
80 334 225 1
143 95 57 3
