150 14 128 1
205 20 207 1
141 32 311 1
205 37 201 1
158 44 124 1
184 45 146 1
88 53 125 1
100 53 117 1
123 61 117 1
193 77 68 1
40 89 308 1
130 98 105 1
159 121 75 1
173 124 68 1
110 126 108 1
137 127 94 1
148 131 84 1
126 132 100 1
210 133 66 1
238 139 68 1
179 147 250 1
236 149 256 1
198 156 76 1
111 158 101 1
140 168 256 1
197 168 256 1
111 179 76 1
93 180 122 1
204 193 82 1
169 205 229 1
177 207 253 1
117 209 215 1
150 211 218 1
69 214 318 1
97 218 357 1
127 218 204 1
172 219 236 1
110 226 170 1
196 226 70 1
219 227 96 1
80 234 339 1
212 241 259 1
141 244 191 1
74 256 343 1
151 266 186 1
116 280 150 1
313 326 110 1
106 205 -1 -1 -1 2
188 62 49 3
