90 22 340 1
123 30 166 1
141 48 169 1
125 58 349 1
91 62 142 1
222 64 214 1
133 77 8 1
159 102 193 1
57 119 121 1
119 130 127 1
172 134 207 1
116 148 318 1
172 151 200 1
153 160 142 1
128 167 114 1
65 172 120 1
75 173 113 1
157 173 113 1
91 180 113 1
163 181 62 1
156 183 100 1
250 191 62 1
163 193 73 1
98 221 104 1
294 227 242 1
119 241 87 1
130 241 76 1
143 242 69 1
108 248 89 1
183 250 68 1
79 253 110 1
99 253 101 1
205 254 66 1
205 272 246 1
151 273 250 1
168 277 70 1
161 282 250 1
80 286 104 1
113 294 255 1
158 296 238 1
150 302 242 1
156 304 87 1
165 304 84 1
68 305 117 1
84 306 75 1
178 310 75 1
130 319 245 1
207 323 45 1
252 323 219 1
74 329 127 1
191 331 256 1
99 343 201 1
158 175 49 3
