254 27 203 1
95 48 340 1
129 56 169 1
151 74 177 1
99 83 152 1
130 83 352 1
229 90 210 1
138 101 8 1
167 128 200 1
55 140 134 1
178 159 210 1
114 166 318 1
177 174 200 1
157 182 150 1
71 185 117 1
59 186 128 1
129 188 118 1
96 192 118 1
166 212 68 1
102 228 104 1
132 256 75 1
109 257 91 1
146 257 69 1
120 263 83 1
75 266 113 1
94 266 101 1
191 271 66 1
216 276 70 1
154 285 248 1
205 285 248 1
82 293 101 1
106 294 267 1
83 315 76 1
175 319 248 1
181 320 90 1
189 331 256 1
161 200 51 3
