176 15 166 1
158 26 346 1
127 30 143 1
253 31 212 1
166 43 0 1
197 65 193 1
208 90 203 1
86 93 127 1
146 111 309 1
210 112 195 1
191 121 146 1
164 128 114 1
108 133 118 1
98 135 121 1
131 139 114 1
193 146 93 1
202 155 70 1
140 175 105 1
66 183 122 1
147 199 90 1
169 199 75 1
182 199 68 1
158 203 84 1
115 213 107 1
133 213 98 1
226 213 68 1
249 218 66 1
191 229 248 1
123 239 97 1
147 244 262 1
251 255 245 1
103 264 122 1
121 266 70 1
286 285 225 1
162 291 221 1
185 292 224 1
203 295 242 1
213 299 253 1
136 301 183 1
113 302 354 1
209 303 27 1
86 304 312 1
198 304 222 1
119 306 153 1
236 315 217 1
105 320 336 1
154 321 186 1
117 290 -1 -1 -1 2
195 138 49 3
