233 15 212 1
156 24 8 1
179 44 191 1
78 68 125 1
142 73 128 1
196 83 214 1
195 98 201 1
149 105 120 1
178 106 153 1
87 114 118 1
100 115 117 1
119 124 110 1
277 134 66 1
180 137 82 1
185 138 68 1
127 159 96 1
154 194 70 1
103 196 107 1
211 196 68 1
122 197 94 1
234 202 66 1
231 216 246 1
140 235 252 1
95 244 114 1
112 244 72 1
206 256 65 1
235 266 45 1
218 270 249 1
119 274 215 1
152 278 221 1
211 278 256 1
188 279 259 1
129 282 198 1
102 284 357 1
191 288 35 1
141 303 183 1
108 270 -1 -1 -1 2
181 126 49 3
