197 27 172 1
180 35 349 1
150 36 148 1
267 43 214 1
180 47 359 1
245 57 212 1
273 65 46 1
213 73 193 1
107 92 134 1
271 121 235 1
159 126 297 1
264 130 68 1
113 141 127 1
120 145 118 1
138 156 113 1
118 176 104 1
153 179 97 1
138 185 101 1
109 192 111 1
136 212 94 1
117 214 284 1
186 218 80 1
157 225 84 1
112 227 115 1
178 233 90 1
78 247 117 1
133 248 104 1
272 252 82 1
137 264 77 1
169 264 252 1
291 266 262 1
115 267 122 1
84 291 304 1
113 291 145 1
173 301 218 1
151 303 207 1
110 322 329 1
207 326 212 1
163 329 186 1
193 335 204 1
178 347 183 1
129 294 -1 -1 -1 2
