128 21 143 1
177 21 186 1
86 50 319 1
118 68 323 1
225 69 208 1
175 77 17 1
177 82 177 1
272 86 41 1
71 89 121 1
105 99 125 1
266 106 226 1
182 115 176 1
92 117 300 1
186 123 166 1
270 157 233 1
181 161 122 1
78 166 293 1
123 168 98 1
107 178 98 1
191 188 62 1
184 190 72 1
282 202 53 1
127 210 83 1
75 214 107 1
91 237 104 1
133 254 87 1
147 255 79 1
211 261 59 1
172 264 66 1
200 272 59 1
136 289 87 1
155 293 66 1
209 294 246 1
126 307 93 1
240 307 231 1
225 319 49 1
206 324 235 1
140 329 58 1
188 182 44 3
