156 12 186 1
98 46 325 1
204 50 207 1
246 86 225 1
155 89 160 1
167 98 169 1
72 103 295 1
250 132 232 1
162 135 120 1
107 149 96 1
175 158 55 1
174 166 62 1
55 167 287 1
167 167 75 1
88 168 96 1
266 183 62 1
109 198 83 1
58 211 101 1
291 235 233 1
73 242 101 1
131 243 75 1
190 243 56 1
152 250 68 1
120 252 87 1
186 258 59 1
196 282 243 1
139 287 66 1
120 290 87 1
224 292 233 1
110 308 93 1
102 322 103 1
147 325 239 1
269 325 217 1
124 328 60 1
199 335 215 1
171 337 228 1
234 347 208 1
171 153 38 3
