68 15 135 1
174 50 204 1
64 58 319 1
120 60 8 1
221 62 39 1
121 64 166 1
216 83 224 1
128 95 165 1
237 97 46 1
138 103 166 1
44 111 294 1
224 133 231 1
135 141 115 1
148 153 42 1
83 155 90 1
148 159 49 1
33 167 284 1
142 170 69 1
151 171 58 1
66 174 91 1
241 176 52 1
89 202 80 1
276 220 222 1
295 226 233 1
296 237 221 1
170 240 51 1
57 242 96 1
115 245 70 1
103 250 82 1
139 251 62 1
168 256 55 1
179 282 236 1
124 283 59 1
210 285 225 1
107 291 79 1
99 307 87 1
149 308 51 1
143 309 238 1
259 313 204 1
92 318 94 1
147 325 235 1
122 328 38 1
138 329 231 1
192 329 207 1
284 329 203 1
271 334 195 1
227 337 203 1
119 340 257 1
146 156 29 3
