185 19 211 1
220 57 226 1
138 60 172 1
146 72 166 1
247 80 52 1
225 109 238 1
140 112 118 1
84 120 98 1
155 124 53 1
152 131 79 1
157 136 63 1
144 138 80 1
69 140 96 1
239 153 62 1
91 172 93 1
132 176 262 1
263 203 232 1
109 209 79 1
94 214 87 1
169 217 59 1
130 219 68 1
158 228 59 1
94 246 87 1
111 255 68 1
170 256 243 1
179 262 245 1
264 268 221 1
194 273 235 1
245 296 212 1
106 297 42 1
112 297 248 1
169 298 49 1
132 299 242 1
164 304 229 1
174 312 228 1
253 313 214 1
219 321 208 1
126 323 203 1
156 117 41 3
