122 23 148 1
127 28 346 1
111 44 141 1
270 46 214 1
190 48 191 1
253 55 212 1
123 72 138 1
248 72 208 1
282 72 232 1
88 73 321 1
129 79 329 1
226 94 212 1
119 107 309 1
68 114 127 1
272 129 225 1
48 130 305 1
122 135 312 1
184 138 176 1
128 144 314 1
106 153 118 1
120 156 115 1
69 161 298 1
227 161 42 1
242 165 217 1
237 186 56 1
60 188 113 1
293 210 239 1
102 217 100 1
121 218 93 1
164 224 269 1
60 225 301 1
72 226 114 1
165 240 73 1
124 248 97 1
175 253 252 1
85 256 113 1
177 266 73 1
141 271 83 1
75 275 288 1
128 283 90 1
260 283 59 1
160 284 262 1
200 289 59 1
276 300 226 1
121 311 91 1
289 314 269 1
241 325 49 1
215 327 239 1
184 328 53 1
155 330 249 1
283 343 203 1
116 347 86 1
101 348 114 1
