210 11 34 1
205 42 191 1
176 44 352 1
270 49 233 1
149 50 118 1
213 57 58 1
203 58 200 1
169 61 340 1
185 79 149 1
110 87 108 1
188 89 73 1
265 89 70 1
161 90 309 1
239 90 243 1
91 98 113 1
180 105 96 1
141 123 90 1
232 123 82 1
123 124 94 1
113 137 94 1
93 149 107 1
70 150 118 1
192 174 62 1
103 177 98 1
154 181 70 1
114 182 84 1
99 208 84 1
84 209 118 1
214 216 233 1
180 221 56 1
88 222 110 1
149 226 62 1
164 226 246 1
138 236 245 1
111 242 238 1
90 251 225 1
191 252 46 1
221 253 225 1
127 255 231 1
111 257 210 1
180 271 233 1
313 323 104 1
307 330 278 1
183 84 67 3
