70 34 314 1
167 57 195 1
83 71 322 1
111 85 332 1
80 90 128 1
149 95 17 1
216 119 229 1
150 128 183 1
123 135 340 1
163 142 51 1
151 143 188 1
97 147 110 1
123 150 340 1
217 167 63 1
191 169 236 1
137 170 136 1
144 182 70 1
115 186 297 1
140 193 91 1
57 197 101 1
188 206 73 1
40 208 108 1
102 216 93 1
81 225 90 1
69 243 94 1
47 261 101 1
155 265 58 1
24 267 134 1
116 281 63 1
60 286 93 1
72 289 76 1
214 301 235 1
179 303 229 1
150 316 45 1
59 320 77 1
45 321 117 1
106 324 56 1
136 325 233 1
190 334 222 1
104 337 242 1
51 340 134 1
71 342 246 1
203 349 214 1
139 176 63 3
