155 12 169 1
224 14 17 1
103 29 326 1
150 48 349 1
138 50 153 1
196 67 198 1
111 72 329 1
141 84 343 1
108 94 132 1
183 100 27 1
240 127 229 1
178 133 183 1
149 140 342 1
123 148 113 1
194 149 58 1
146 156 335 1
180 156 205 1
241 175 66 1
216 179 242 1
157 180 120 1
139 181 311 1
159 187 110 1
164 190 82 1
83 191 101 1
69 199 107 1
160 200 90 1
211 211 76 1
126 215 90 1
107 237 84 1
95 239 89 1
76 252 104 1
148 253 69 1
178 268 59 1
139 277 63 1
89 279 93 1
101 284 79 1
70 301 104 1
196 306 232 1
234 309 232 1
87 311 79 1
137 322 58 1
129 330 246 1
161 183 63 3
