109 14 329 1
198 49 203 1
113 51 332 1
145 59 352 1
107 70 136 1
185 80 37 1
174 110 188 1
146 114 349 1
239 118 238 1
120 119 118 1
183 126 60 1
176 128 203 1
141 130 342 1
155 149 145 1
76 159 107 1
151 160 114 1
132 161 309 1
207 161 249 1
232 162 73 1
60 169 110 1
150 174 93 1
111 195 87 1
200 196 84 1
94 208 87 1
82 212 94 1
61 223 107 1
134 228 77 1
72 248 101 1
162 248 66 1
84 252 86 1
123 252 70 1
67 280 89 1
51 282 114 1
175 287 239 1
147 292 60 1
210 294 240 1
116 296 63 1
134 301 246 1
107 302 250 1
76 313 226 1
93 320 238 1
110 340 228 1
153 157 66 3
