159 16 349 1
223 17 24 1
214 27 194 1
248 30 38 1
273 46 218 1
147 59 354 1
273 63 52 1
140 73 163 1
167 86 3 1
226 90 221 1
202 114 53 1
292 123 246 1
129 132 136 1
156 135 8 1
184 141 208 1
145 149 357 1
73 153 125 1
57 154 128 1
180 158 219 1
187 160 77 1
131 167 338 1
241 168 259 1
146 175 143 1
150 178 82 1
144 181 127 1
148 187 104 1
83 190 115 1
141 195 115 1
99 196 107 1
69 199 117 1
198 200 270 1
32 201 302 1
221 205 90 1
41 207 118 1
30 214 308 1
182 228 104 1
29 235 297 1
44 235 114 1
110 238 97 1
50 249 104 1
91 258 90 1
129 265 84 1
71 298 82 1
61 303 270 1
89 304 262 1
102 304 80 1
134 309 253 1
41 321 252 1
161 327 256 1
147 177 84 3
