150 18 340 1
120 21 132 1
189 32 28 1
187 62 186 1
159 67 346 1
134 76 113 1
196 76 55 1
189 81 203 1
154 85 335 1
252 105 65 1
225 111 243 1
169 112 107 1
149 117 298 1
93 124 101 1
170 130 93 1
80 135 110 1
222 135 75 1
136 146 90 1
115 152 91 1
103 182 90 1
86 186 101 1
188 200 62 1
157 202 69 1
99 212 93 1
210 216 243 1
115 220 76 1
207 229 242 1
180 230 56 1
226 233 48 1
156 236 246 1
205 242 231 1
98 246 76 1
174 248 252 1
194 251 38 1
182 252 82 1
192 261 73 1
215 267 224 1
139 268 242 1
205 269 53 1
171 271 245 1
180 276 256 1
170 98 56 3
