164 25 354 1
132 48 125 1
187 68 179 1
169 83 1 1
225 107 45 1
193 108 190 1
88 110 120 1
116 110 300 1
167 115 346 1
119 124 301 1
203 124 51 1
194 126 194 1
162 129 338 1
137 133 96 1
141 145 281 1
159 145 326 1
227 149 233 1
93 152 103 1
190 156 187 1
113 163 93 1
178 166 98 1
184 171 84 1
225 185 66 1
103 200 98 1
143 206 84 1
128 212 87 1
90 224 98 1
117 236 84 1
202 248 52 1
164 262 58 1
118 270 90 1
126 274 73 1
185 302 233 1
117 304 79 1
127 308 250 1
153 312 235 1
177 157 63 3
