149 34 117 1
162 36 93 1
139 38 114 1
179 51 101 1
204 53 90 1
194 71 98 1
72 88 125 1
91 94 120 1
234 101 82 1
176 115 107 1
192 115 96 1
206 116 89 1
136 128 117 1
216 135 83 1
181 151 113 1
229 156 72 1
63 158 297 1
116 163 301 1
202 165 93 1
70 173 120 1
142 175 131 1
123 177 307 1
85 182 307 1
197 185 115 1
76 195 300 1
81 200 316 1
123 204 315 1
151 205 312 1
216 210 239 1
121 213 328 1
182 213 311 1
95 214 325 1
183 224 346 1
123 227 332 1
170 338 0 1
197 343 177 1
201 203 -1 -1 -1 2
