68 38 319 1
251 43 226 1
189 50 37 1
67 57 138 1
195 89 218 1
236 90 231 1
112 92 330 1
90 94 132 1
62 103 309 1
193 103 58 1
235 118 59 1
85 121 314 1
192 121 228 1
189 127 58 1
171 132 214 1
126 134 354 1
185 157 72 1
269 167 68 1
36 169 298 1
94 173 309 1
126 189 117 1
137 192 90 1
112 201 113 1
154 202 96 1
179 204 84 1
170 222 96 1
212 242 70 1
65 257 118 1
185 264 86 1
171 266 93 1
155 268 107 1
197 283 80 1
114 285 114 1
163 300 107 1
215 303 70 1
46 311 141 1
33 317 318 1
188 317 87 1
95 323 300 1
113 333 301 1
125 335 128 1
181 335 113 1
140 349 304 1
133 187 75 3
