152 12 179 1
100 14 335 1
227 15 31 1
72 39 333 1
73 57 152 1
194 62 32 1
238 95 224 1
87 98 145 1
56 100 323 1
108 101 343 1
197 108 217 1
77 119 328 1
190 121 49 1
237 124 53 1
196 141 229 1
183 142 53 1
114 146 357 1
164 148 215 1
172 171 70 1
78 175 323 1
110 196 128 1
120 197 90 1
95 204 122 1
139 211 103 1
172 212 87 1
158 223 103 1
203 236 72 1
38 240 122 1
138 261 115 1
155 261 98 1
170 265 93 1
92 272 122 1
188 275 82 1
146 288 111 1
73 307 302 1
116 196 77 3
