211 13 219 1
59 22 141 1
193 22 46 1
113 47 349 1
82 53 135 1
53 58 316 1
191 60 226 1
186 70 63 1
77 71 321 1
235 73 239 1
112 86 357 1
183 88 239 1
160 90 221 1
183 95 68 1
229 103 69 1
168 119 82 1
80 123 311 1
107 145 114 1
120 146 93 1
96 153 113 1
136 166 98 1
161 168 86 1
152 186 96 1
45 216 115 1
193 218 75 1
135 232 110 1
154 236 98 1
163 238 90 1
93 246 115 1
176 256 87 1
22 269 298 1
140 269 110 1
192 283 76 1
72 286 300 1
164 292 90 1
159 310 113 1
19 311 295 1
41 314 308 1
113 318 307 1
41 325 308 1
82 326 312 1
81 335 323 1
142 337 308 1
106 339 145 1
46 340 319 1
113 345 314 1
79 351 333 1
115 139 73 3
