196 10 18 1
146 12 359 1
111 27 352 1
107 45 173 1
260 70 59 1
79 79 339 1
109 86 163 1
129 94 3 1
220 96 59 1
93 107 338 1
288 125 243 1
204 135 246 1
120 137 17 1
193 142 75 1
167 151 233 1
244 152 255 1
78 157 335 1
194 164 257 1
189 175 93 1
230 178 82 1
164 186 101 1
99 187 139 1
83 191 138 1
109 193 117 1
34 201 318 1
119 211 120 1
142 225 114 1
123 239 118 1
217 249 281 1
50 265 142 1
88 275 136 1
159 277 128 1
107 283 121 1
22 286 318 1
161 287 287 1
143 288 304 1
88 299 131 1
134 300 124 1
30 301 319 1
33 318 304 1
40 321 319 1
314 324 87 1
107 328 110 1
49 334 323 1
61 347 345 1
79 348 328 1
106 187 93 3
