224 28 232 1
183 35 212 1
100 40 329 1
78 42 131 1
176 46 52 1
49 53 308 1
226 64 59 1
187 66 229 1
177 70 53 1
72 71 311 1
160 76 208 1
106 83 335 1
39 97 301 1
166 100 62 1
252 113 68 1
86 121 307 1
130 138 79 1
118 139 107 1
108 141 110 1
173 150 77 1
149 151 89 1
166 168 84 1
208 183 69 1
177 207 86 1
68 209 108 1
185 210 79 1
158 215 101 1
121 233 108 1
197 235 76 1
212 244 68 1
164 250 104 1
189 262 89 1
110 271 293 1
169 297 118 1
234 299 235 1
185 301 314 1
176 304 293 1
152 307 298 1
229 308 221 1
180 315 338 1
193 295 -1 -1 -1 2
124 135 69 3
