81 15 322 1
210 30 37 1
83 34 135 1
126 65 335 1
252 65 231 1
102 70 131 1
208 70 218 1
208 79 59 1
74 80 309 1
98 96 311 1
183 103 211 1
135 106 340 1
259 109 62 1
143 124 141 1
195 133 73 1
135 135 332 1
170 139 211 1
109 146 308 1
174 148 75 1
139 163 110 1
150 163 84 1
128 166 113 1
193 182 87 1
167 190 96 1
186 222 87 1
227 222 73 1
86 236 114 1
187 244 93 1
200 244 83 1
171 245 101 1
134 263 111 1
216 268 82 1
176 284 110 1
231 288 68 1
200 295 87 1
118 301 294 1
134 312 298 1
145 314 125 1
197 317 110 1
158 331 301 1
146 160 71 3
