278 30 235 1
190 31 186 1
249 39 232 1
161 59 325 1
113 63 118 1
285 66 259 1
177 70 101 1
183 70 93 1
210 78 84 1
118 86 110 1
202 91 100 1
225 104 96 1
269 109 267 1
168 110 115 1
139 112 287 1
272 115 90 1
189 121 283 1
247 123 98 1
137 133 319 1
173 149 124 1
214 149 293 1
284 150 79 1
104 153 311 1
255 156 104 1
229 158 115 1
108 162 326 1
113 168 343 1
213 169 293 1
272 169 104 1
244 171 287 1
117 175 163 1
100 176 158 1
231 180 93 1
149 182 152 1
250 190 287 1
288 195 101 1
299 196 90 1
36 201 264 1
263 201 287 1
141 203 160 1
190 204 271 1
171 209 270 1
239 211 267 1
193 221 132 1
243 224 120 1
257 230 294 1
205 234 284 1
244 247 128 1
251 251 308 1
20 343 34 1
181 69 72 3
