175 34 41 1
143 49 23 1
160 49 203 1
93 64 3 1
215 69 222 1
182 74 212 1
131 98 200 1
200 100 38 1
227 106 212 1
242 108 218 1
247 119 55 1
40 122 340 1
202 123 217 1
132 127 188 1
63 132 166 1
70 134 346 1
183 147 45 1
37 164 316 1
193 167 225 1
123 172 24 1
63 173 330 1
222 173 84 1
40 180 304 1
48 182 114 1
195 188 232 1
59 192 326 1
237 193 110 1
190 198 229 1
39 202 302 1
127 202 44 1
203 204 276 1
178 207 229 1
196 211 270 1
230 213 290 1
245 218 104 1
178 222 236 1
159 225 238 1
199 232 307 1
175 234 240 1
26 239 302 1
170 243 53 1
190 249 259 1
27 258 290 1
184 259 239 1
124 268 82 1
171 270 49 1
86 276 284 1
145 294 264 1
