182 67 188 1
170 71 8 1
211 86 200 1
130 103 357 1
238 113 27 1
164 120 183 1
249 125 208 1
169 148 173 1
230 157 31 1
291 160 215 1
97 172 149 1
176 194 7 1
257 207 226 1
92 208 319 1
99 210 127 1
221 210 46 1
112 211 322 1
84 212 134 1
302 217 93 1
186 220 30 1
102 228 311 1
118 233 127 1
274 233 273 1
145 239 339 1
165 239 155 1
249 243 242 1
265 244 264 1
198 247 204 1
241 248 235 1
305 248 262 1
133 249 288 1
196 251 48 1
255 253 253 1
151 259 326 1
284 261 256 1
157 268 354 1
257 270 246 1
111 271 117 1
170 272 39 1
301 275 212 1
173 281 121 1
256 281 73 1
264 283 65 1
282 287 63 1
179 293 96 1
197 301 90 1
122 302 110 1
156 308 270 1
269 313 84 1
264 315 262 1
222 318 90 1
303 320 288 1
145 323 262 1
126 327 98 1
191 330 281 1
286 330 264 1
152 332 281 1
181 332 284 1
291 334 273 1
184 336 132 1
245 337 93 1
132 341 270 1
167 286 72 3
