88 31 122 1
207 35 46 1
103 39 118 1
152 44 110 1
110 58 110 1
201 61 104 1
260 64 66 1
132 66 108 1
223 80 100 1
210 86 108 1
235 90 97 1
246 93 82 1
273 97 70 1
115 98 287 1
194 101 287 1
156 103 93 1
167 103 84 1
189 107 270 1
257 112 82 1
244 118 91 1
148 119 100 1
177 123 271 1
176 135 291 1
212 138 124 1
237 151 111 1
263 159 86 1
211 161 297 1
101 164 124 1
147 169 293 1
155 179 315 1
269 179 94 1
201 186 150 1
273 196 83 1
121 202 298 1
169 211 328 1
138 215 308 1
173 224 345 1
154 226 335 1
213 232 325 1
252 232 325 1
145 242 340 1
127 247 322 1
160 255 0 1
184 262 357 1
233 265 338 1
120 266 349 1
229 284 354 1
123 288 0 1
156 308 18 1
274 204 -1 -1 -1 2
201 42 70 3
