154 24 174 1
141 55 159 1
167 66 18 1
109 71 328 1
144 85 1 1
151 113 11 1
111 118 122 1
156 146 46 1
100 154 108 1
151 171 101 1
209 176 65 1
80 179 111 1
172 189 96 1
144 190 287 1
160 196 108 1
184 198 90 1
196 203 83 1
140 209 283 1
223 210 70 1
105 214 93 1
116 215 82 1
208 223 82 1
97 227 100 1
131 227 267 1
195 231 91 1
163 248 122 1
128 249 302 1
118 257 283 1
122 262 319 1
183 267 121 1
218 271 82 1
111 274 314 1
150 276 132 1
102 277 290 1
162 279 301 1
104 290 311 1
144 291 139 1
216 295 113 1
152 303 307 1
117 309 125 1
150 153 69 3
