138 20 160 1
171 34 23 1
107 39 329 1
139 55 359 1
147 83 15 1
113 86 128 1
258 115 55 1
150 117 48 1
95 121 113 1
49 133 117 1
73 141 113 1
143 142 100 1
201 149 70 1
164 156 97 1
135 162 287 1
152 166 110 1
175 172 97 1
52 173 291 1
186 175 84 1
96 182 96 1
107 183 84 1
134 185 290 1
213 185 76 1
129 190 273 1
87 194 101 1
197 198 87 1
183 202 90 1
121 203 273 1
114 218 293 1
151 221 124 1
107 226 293 1
113 230 322 1
36 236 128 1
176 236 115 1
149 245 298 1
204 247 84 1
84 249 295 1
90 259 321 1
201 269 113 1
138 270 156 1
54 279 302 1
209 284 87 1
105 293 329 1
64 295 312 1
109 305 350 1
86 307 338 1
145 319 329 1
185 321 323 1
75 323 346 1
55 325 329 1
92 338 3 1
113 347 3 1
209 292 -1 -1 -1 2
144 124 72 3
