139 15 186 1
185 19 214 1
116 39 166 1
84 53 336 1
151 55 28 1
119 70 8 1
121 96 23 1
86 98 132 1
121 129 51 1
65 132 114 1
113 138 121 1
117 138 70 1
226 149 66 1
44 153 117 1
172 167 73 1
134 175 103 1
121 179 114 1
99 181 283 1
145 188 100 1
156 191 89 1
75 194 87 1
64 195 98 1
55 205 105 1
183 206 79 1
166 213 87 1
84 214 276 1
152 218 97 1
83 227 294 1
74 235 297 1
117 236 129 1
78 242 323 1
143 250 121 1
114 258 302 1
49 259 298 1
172 264 87 1
57 269 321 1
105 273 152 1
167 287 117 1
70 303 330 1
174 314 160 1
70 317 352 1
107 336 335 1
114 135 74 3
