191 25 203 1
164 42 186 1
234 43 232 1
131 45 357 1
191 68 48 1
156 72 30 1
115 90 152 1
151 99 45 1
83 116 134 1
54 128 136 1
139 132 68 1
123 151 127 1
62 169 117 1
101 169 307 1
72 174 107 1
135 176 122 1
48 178 124 1
119 180 138 1
232 180 84 1
175 185 98 1
143 188 121 1
74 197 294 1
151 198 111 1
170 220 98 1
54 222 343 1
137 222 118 1
151 223 110 1
97 228 150 1
28 238 340 1
88 246 323 1
111 249 146 1
21 263 340 1
69 264 177 1
138 272 107 1
124 293 142 1
24 296 20 1
50 314 1 1
93 329 352 1
130 136 89 3
