118 18 158 1
150 31 23 1
94 37 333 1
126 47 8 1
105 57 346 1
95 82 129 1
138 83 35 1
132 111 49 1
236 116 63 1
77 117 111 1
126 120 122 1
129 138 104 1
54 140 111 1
190 148 70 1
147 154 98 1
112 164 281 1
136 164 110 1
155 166 98 1
174 171 87 1
37 175 290 1
79 175 96 1
115 175 274 1
89 177 84 1
197 182 76 1
112 192 294 1
180 192 82 1
70 193 104 1
104 198 270 1
163 203 96 1
41 210 129 1
258 210 62 1
97 214 290 1
135 215 124 1
89 219 276 1
94 228 318 1
100 231 146 1
155 231 118 1
83 234 305 1
189 240 87 1
109 241 314 1
67 245 295 1
139 245 301 1
113 246 149 1
80 256 322 1
119 260 138 1
191 264 93 1
120 269 298 1
94 291 332 1
72 299 323 1
96 306 349 1
215 313 198 1
132 314 326 1
171 315 325 1
192 291 -1 -1 -1 2
125 118 75 3
