165 27 160 1
195 43 24 1
135 44 332 1
173 57 11 1
151 66 349 1
162 86 353 1
181 89 31 1
145 93 136 1
172 103 31 1
131 119 120 1
142 121 113 1
185 124 59 1
171 130 79 1
165 135 113 1
164 153 90 1
84 156 294 1
91 157 120 1
238 163 73 1
100 168 113 1
189 176 90 1
129 180 90 1
163 182 270 1
177 182 113 1
215 183 90 1
120 189 93 1
188 194 243 1
154 196 273 1
238 196 72 1
225 202 87 1
103 213 113 1
117 237 287 1
144 247 145 1
97 248 294 1
153 248 318 1
232 248 84 1
154 254 150 1
164 267 343 1
193 273 150 1
228 274 114 1
237 284 86 1
211 310 312 1
157 112 32 3
